frame, face_id, timestamp, confidence, success, gaze_0_x, gaze_0_y, gaze_0_z, gaze_1_x, gaze_1_y, gaze_1_z, gaze_angle_x, gaze_angle_y, eye_lmk_x_0, eye_lmk_x_1, eye_lmk_x_2, eye_lmk_x_3, eye_lmk_x_4, eye_lmk_x_5, eye_lmk_x_6, eye_lmk_x_7, eye_lmk_x_8, eye_lmk_x_9, eye_lmk_x_10, eye_lmk_x_11, eye_lmk_x_12, eye_lmk_x_13, eye_lmk_x_14, eye_lmk_x_15, eye_lmk_x_16, eye_lmk_x_17, eye_lmk_x_18, eye_lmk_x_19, eye_lmk_x_20, eye_lmk_x_21, eye_lmk_x_22, eye_lmk_x_23, eye_lmk_x_24, eye_lmk_x_25, eye_lmk_x_26, eye_lmk_x_27, eye_lmk_x_28, eye_lmk_x_29, eye_lmk_x_30, eye_lmk_x_31, eye_lmk_x_32, eye_lmk_x_33, eye_lmk_x_34, eye_lmk_x_35, eye_lmk_x_36, eye_lmk_x_37, eye_lmk_x_38, eye_lmk_x_39, eye_lmk_x_40, eye_lmk_x_41, eye_lmk_x_42, eye_lmk_x_43, eye_lmk_x_44, eye_lmk_x_45, eye_lmk_x_46, eye_lmk_x_47, eye_lmk_x_48, eye_lmk_x_49, eye_lmk_x_50, eye_lmk_x_51, eye_lmk_x_52, eye_lmk_x_53, eye_lmk_x_54, eye_lmk_x_55, eye_lmk_y_0, eye_lmk_y_1, eye_lmk_y_2, eye_lmk_y_3, eye_lmk_y_4, eye_lmk_y_5, eye_lmk_y_6, eye_lmk_y_7, eye_lmk_y_8, eye_lmk_y_9, eye_lmk_y_10, eye_lmk_y_11, eye_lmk_y_12, eye_lmk_y_13, eye_lmk_y_14, eye_lmk_y_15, eye_lmk_y_16, eye_lmk_y_17, eye_lmk_y_18, eye_lmk_y_19, eye_lmk_y_20, eye_lmk_y_21, eye_lmk_y_22, eye_lmk_y_23, eye_lmk_y_24, eye_lmk_y_25, eye_lmk_y_26, eye_lmk_y_27, eye_lmk_y_28, eye_lmk_y_29, eye_lmk_y_30, eye_lmk_y_31, eye_lmk_y_32, eye_lmk_y_33, eye_lmk_y_34, eye_lmk_y_35, eye_lmk_y_36, eye_lmk_y_37, eye_lmk_y_38, eye_lmk_y_39, eye_lmk_y_40, eye_lmk_y_41, eye_lmk_y_42, eye_lmk_y_43, eye_lmk_y_44, eye_lmk_y_45, eye_lmk_y_46, eye_lmk_y_47, eye_lmk_y_48, eye_lmk_y_49, eye_lmk_y_50, eye_lmk_y_51, eye_lmk_y_52, eye_lmk_y_53, eye_lmk_y_54, eye_lmk_y_55, eye_lmk_X_0, eye_lmk_X_1, eye_lmk_X_2, eye_lmk_X_3, eye_lmk_X_4, eye_lmk_X_5, eye_lmk_X_6, eye_lmk_X_7, eye_lmk_X_8, eye_lmk_X_9, eye_lmk_X_10, eye_lmk_X_11, eye_lmk_X_12, eye_lmk_X_13, eye_lmk_X_14, eye_lmk_X_15, eye_lmk_X_16, eye_lmk_X_17, eye_lmk_X_18, eye_lmk_X_19, eye_lmk_X_20, eye_lmk_X_21, eye_lmk_X_22, eye_lmk_X_23, eye_lmk_X_24, eye_lmk_X_25, eye_lmk_X_26, eye_lmk_X_27, eye_lmk_X_28, eye_lmk_X_29, eye_lmk_X_30, eye_lmk_X_31, eye_lmk_X_32, eye_lmk_X_33, eye_lmk_X_34, eye_lmk_X_35, eye_lmk_X_36, eye_lmk_X_37, eye_lmk_X_38, eye_lmk_X_39, eye_lmk_X_40, eye_lmk_X_41, eye_lmk_X_42, eye_lmk_X_43, eye_lmk_X_44, eye_lmk_X_45, eye_lmk_X_46, eye_lmk_X_47, eye_lmk_X_48, eye_lmk_X_49, eye_lmk_X_50, eye_lmk_X_51, eye_lmk_X_52, eye_lmk_X_53, eye_lmk_X_54, eye_lmk_X_55, eye_lmk_Y_0, eye_lmk_Y_1, eye_lmk_Y_2, eye_lmk_Y_3, eye_lmk_Y_4, eye_lmk_Y_5, eye_lmk_Y_6, eye_lmk_Y_7, eye_lmk_Y_8, eye_lmk_Y_9, eye_lmk_Y_10, eye_lmk_Y_11, eye_lmk_Y_12, eye_lmk_Y_13, eye_lmk_Y_14, eye_lmk_Y_15, eye_lmk_Y_16, eye_lmk_Y_17, eye_lmk_Y_18, eye_lmk_Y_19, eye_lmk_Y_20, eye_lmk_Y_21, eye_lmk_Y_22, eye_lmk_Y_23, eye_lmk_Y_24, eye_lmk_Y_25, eye_lmk_Y_26, eye_lmk_Y_27, eye_lmk_Y_28, eye_lmk_Y_29, eye_lmk_Y_30, eye_lmk_Y_31, eye_lmk_Y_32, eye_lmk_Y_33, eye_lmk_Y_34, eye_lmk_Y_35, eye_lmk_Y_36, eye_lmk_Y_37, eye_lmk_Y_38, eye_lmk_Y_39, eye_lmk_Y_40, eye_lmk_Y_41, eye_lmk_Y_42, eye_lmk_Y_43, eye_lmk_Y_44, eye_lmk_Y_45, eye_lmk_Y_46, eye_lmk_Y_47, eye_lmk_Y_48, eye_lmk_Y_49, eye_lmk_Y_50, eye_lmk_Y_51, eye_lmk_Y_52, eye_lmk_Y_53, eye_lmk_Y_54, eye_lmk_Y_55, eye_lmk_Z_0, eye_lmk_Z_1, eye_lmk_Z_2, eye_lmk_Z_3, eye_lmk_Z_4, eye_lmk_Z_5, eye_lmk_Z_6, eye_lmk_Z_7, eye_lmk_Z_8, eye_lmk_Z_9, eye_lmk_Z_10, eye_lmk_Z_11, eye_lmk_Z_12, eye_lmk_Z_13, eye_lmk_Z_14, eye_lmk_Z_15, eye_lmk_Z_16, eye_lmk_Z_17, eye_lmk_Z_18, eye_lmk_Z_19, eye_lmk_Z_20, eye_lmk_Z_21, eye_lmk_Z_22, eye_lmk_Z_23, eye_lmk_Z_24, eye_lmk_Z_25, eye_lmk_Z_26, eye_lmk_Z_27, eye_lmk_Z_28, eye_lmk_Z_29, eye_lmk_Z_30, eye_lmk_Z_31, eye_lmk_Z_32, eye_lmk_Z_33, eye_lmk_Z_34, eye_lmk_Z_35, eye_lmk_Z_36, eye_lmk_Z_37, eye_lmk_Z_38, eye_lmk_Z_39, eye_lmk_Z_40, eye_lmk_Z_41, eye_lmk_Z_42, eye_lmk_Z_43, eye_lmk_Z_44, eye_lmk_Z_45, eye_lmk_Z_46, eye_lmk_Z_47, eye_lmk_Z_48, eye_lmk_Z_49, eye_lmk_Z_50, eye_lmk_Z_51, eye_lmk_Z_52, eye_lmk_Z_53, eye_lmk_Z_54, eye_lmk_Z_55, pose_Tx, pose_Ty, pose_Tz, pose_Rx, pose_Ry, pose_Rz, x_0, x_1, x_2, x_3, x_4, x_5, x_6, x_7, x_8, x_9, x_10, x_11, x_12, x_13, x_14, x_15, x_16, x_17, x_18, x_19, x_20, x_21, x_22, x_23, x_24, x_25, x_26, x_27, x_28, x_29, x_30, x_31, x_32, x_33, x_34, x_35, x_36, x_37, x_38, x_39, x_40, x_41, x_42, x_43, x_44, x_45, x_46, x_47, x_48, x_49, x_50, x_51, x_52, x_53, x_54, x_55, x_56, x_57, x_58, x_59, x_60, x_61, x_62, x_63, x_64, x_65, x_66, x_67, y_0, y_1, y_2, y_3, y_4, y_5, y_6, y_7, y_8, y_9, y_10, y_11, y_12, y_13, y_14, y_15, y_16, y_17, y_18, y_19, y_20, y_21, y_22, y_23, y_24, y_25, y_26, y_27, y_28, y_29, y_30, y_31, y_32, y_33, y_34, y_35, y_36, y_37, y_38, y_39, y_40, y_41, y_42, y_43, y_44, y_45, y_46, y_47, y_48, y_49, y_50, y_51, y_52, y_53, y_54, y_55, y_56, y_57, y_58, y_59, y_60, y_61, y_62, y_63, y_64, y_65, y_66, y_67, X_0, X_1, X_2, X_3, X_4, X_5, X_6, X_7, X_8, X_9, X_10, X_11, X_12, X_13, X_14, X_15, X_16, X_17, X_18, X_19, X_20, X_21, X_22, X_23, X_24, X_25, X_26, X_27, X_28, X_29, X_30, X_31, X_32, X_33, X_34, X_35, X_36, X_37, X_38, X_39, X_40, X_41, X_42, X_43, X_44, X_45, X_46, X_47, X_48, X_49, X_50, X_51, X_52, X_53, X_54, X_55, X_56, X_57, X_58, X_59, X_60, X_61, X_62, X_63, X_64, X_65, X_66, X_67, Y_0, Y_1, Y_2, Y_3, Y_4, Y_5, Y_6, Y_7, Y_8, Y_9, Y_10, Y_11, Y_12, Y_13, Y_14, Y_15, Y_16, Y_17, Y_18, Y_19, Y_20, Y_21, Y_22, Y_23, Y_24, Y_25, Y_26, Y_27, Y_28, Y_29, Y_30, Y_31, Y_32, Y_33, Y_34, Y_35, Y_36, Y_37, Y_38, Y_39, Y_40, Y_41, Y_42, Y_43, Y_44, Y_45, Y_46, Y_47, Y_48, Y_49, Y_50, Y_51, Y_52, Y_53, Y_54, Y_55, Y_56, Y_57, Y_58, Y_59, Y_60, Y_61, Y_62, Y_63, Y_64, Y_65, Y_66, Y_67, Z_0, Z_1, Z_2, Z_3, Z_4, Z_5, Z_6, Z_7, Z_8, Z_9, Z_10, Z_11, Z_12, Z_13, Z_14, Z_15, Z_16, Z_17, Z_18, Z_19, Z_20, Z_21, Z_22, Z_23, Z_24, Z_25, Z_26, Z_27, Z_28, Z_29, Z_30, Z_31, Z_32, Z_33, Z_34, Z_35, Z_36, Z_37, Z_38, Z_39, Z_40, Z_41, Z_42, Z_43, Z_44, Z_45, Z_46, Z_47, Z_48, Z_49, Z_50, Z_51, Z_52, Z_53, Z_54, Z_55, Z_56, Z_57, Z_58, Z_59, Z_60, Z_61, Z_62, Z_63, Z_64, Z_65, Z_66, Z_67, p_scale, p_rx, p_ry, p_rz, p_tx, p_ty, p_0, p_1, p_2, p_3, p_4, p_5, p_6, p_7, p_8, p_9, p_10, p_11, p_12, p_13, p_14, p_15, p_16, p_17, p_18, p_19, p_20, p_21, p_22, p_23, p_24, p_25, p_26, p_27, p_28, p_29, p_30, p_31, p_32, p_33, AU01_r, AU02_r, AU04_r, AU05_r, AU06_r, AU07_r, AU09_r, AU10_r, AU12_r, AU14_r, AU15_r, AU17_r, AU20_r, AU23_r, AU25_r, AU26_r, AU45_r, AU01_c, AU02_c, AU04_c, AU05_c, AU06_c, AU07_c, AU09_c, AU10_c, AU12_c, AU14_c, AU15_c, AU17_c, AU20_c, AU23_c, AU25_c, AU26_c, AU28_c, AU45_c
1, 0, 0.000, 0.03, 0, 0.000000, 0.000000, 0.000000, 0.000000, 0.000000, 0.000000, 0.000, 0.000, 27.9, 28.6, 30.5, 32.5, 33.5, 33.1, 31.0, 28.9, 25.2, 26.4, 28.2, 30.4, 32.6, 34.2, 35.4, 34.2, 32.5, 30.4, 28.4, 26.6, 29.9, 30.8, 31.7, 31.9, 31.5, 30.6, 29.8, 29.5, 52.2, 52.6, 54.3, 56.3, 57.4, 57.0, 55.3, 53.2, 50.4, 51.5, 53.1, 55.2, 57.1, 58.6, 59.5, 58.8, 57.6, 55.9, 53.9, 52.0, 54.0, 54.9, 55.7, 55.8, 55.3, 54.5, 53.7, 53.5, 49.3, 47.3, 46.3, 46.9, 48.8, 51.1, 51.9, 51.2, 50.7, 49.5, 48.5, 48.0, 48.2, 48.9, 50.1, 50.8, 51.0, 51.3, 51.4, 51.2, 50.1, 50.4, 50.0, 49.1, 48.2, 47.9, 48.4, 49.3, 47.0, 45.0, 44.0, 44.6, 46.4, 48.4, 49.4, 49.0, 48.6, 47.2, 46.1, 45.5, 45.7, 46.3, 47.3, 48.1, 48.5, 48.8, 48.9, 49.0, 47.8, 48.0, 47.6, 46.7, 45.9, 45.6, 46.1, 47.0, -198.4, -197.6, -193.9, -189.5, -187.0, -187.6, -191.5, -195.9, -205.9, -202.2, -197.5, -192.6, -188.5, -185.6, -183.8, -185.5, -188.3, -192.2, -196.8, -201.6, -194.5, -192.6, -191.0, -190.6, -191.7, -193.6, -195.3, -195.6, -150.5, -150.1, -147.0, -143.0, -140.4, -140.8, -143.9, -148.2, -154.3, -151.7, -148.3, -144.2, -140.8, -138.7, -137.6, -138.0, -139.7, -142.5, -146.3, -150.7, -147.0, -145.3, -143.9, -143.7, -144.9, -146.6, -148.0, -148.1, -95.9, -100.4, -102.7, -101.3, -97.0, -92.2, -90.2, -91.6, -93.7, -95.8, -97.3, -98.3, -98.1, -96.9, -94.8, -93.0, -91.9, -91.2, -91.3, -92.0, -94.3, -93.7, -94.7, -96.7, -98.5, -99.1, -98.2, -96.2, -102.6, -107.3, -109.9, -108.9, -104.8, -100.2, -97.6, -98.2, -99.3, -102.1, -104.4, -106.0, -106.2, -105.7, -104.2, -101.7, -100.0, -98.9, -98.3, -98.3, -101.4, -101.0, -102.1, -104.2, -105.9, -106.4, -105.2, -103.2, 408.4, 409.4, 410.1, 410.0, 409.2, 408.4, 407.5, 407.5, 411.8, 409.7, 407.8, 407.1, 407.9, 409.5, 411.0, 409.0, 407.1, 406.4, 407.3, 409.3, 409.0, 409.0, 409.3, 409.8, 410.1, 410.2, 409.9, 409.4, 416.5, 417.9, 419.5, 420.3, 419.9, 418.5, 416.9, 416.2, 416.8, 416.2, 416.0, 416.8, 419.2, 422.3, 425.4, 421.9, 418.7, 416.4, 415.5, 415.9, 418.0, 418.4, 419.1, 419.7, 419.9, 419.5, 418.8, 418.2, -210.9, -84.9, 525.9, 0.193, -0.519, -0.025, 12.3, 13.1, 14.5, 16.4, 19.6, 24.7, 31.3, 38.8, 46.0, 52.0, 56.5, 60.6, 63.9, 66.0, 66.9, 67.1, 66.7, 18.6, 22.5, 28.0, 33.7, 38.8, 47.8, 52.3, 56.8, 61.2, 64.5, 44.0, 44.9, 45.9, 46.9, 40.0, 43.2, 46.3, 49.0, 51.3, 25.1, 28.4, 32.2, 35.6, 32.4, 28.6, 50.4, 53.3, 56.8, 59.7, 57.5, 54.0, 34.1, 39.3, 43.8, 46.6, 49.5, 53.0, 56.0, 53.4, 50.3, 47.1, 44.1, 39.4, 36.1, 43.7, 46.6, 49.5, 54.6, 49.6, 46.6, 43.7, 53.8, 60.8, 67.7, 74.4, 80.5, 85.6, 89.5, 92.4, 92.8, 91.3, 87.8, 83.3, 77.6, 70.7, 63.4, 56.0, 48.6, 46.3, 42.6, 41.1, 41.1, 42.4, 41.3, 39.0, 38.1, 38.9, 41.9, 47.6, 51.9, 56.2, 60.7, 65.1, 65.8, 66.2, 65.2, 64.2, 50.7, 48.5, 48.2, 50.1, 51.1, 51.4, 48.7, 46.0, 45.7, 47.3, 48.6, 49.0, 75.2, 72.6, 71.1, 71.5, 70.6, 71.4, 73.1, 76.8, 78.5, 79.1, 79.1, 78.1, 75.1, 73.5, 73.5, 73.0, 73.3, 75.0, 75.6, 75.6, -304.0, -301.1, -297.5, -292.5, -282.9, -266.8, -245.1, -220.3, -201.0, -188.5, -181.9, -175.0, -168.0, -163.3, -161.3, -161.0, -162.6, -270.8, -257.8, -241.6, -225.1, -211.0, -189.7, -180.9, -172.2, -163.3, -157.1, -198.6, -193.4, -188.2, -183.2, -205.6, -197.1, -189.0, -183.8, -179.3, -252.4, -242.4, -232.7, -224.1, -231.6, -241.3, -188.4, -181.3, -173.3, -167.3, -171.4, -179.3, -227.7, -209.4, -196.2, -189.4, -183.0, -177.5, -174.7, -176.9, -181.5, -188.5, -196.0, -209.8, -222.0, -197.2, -190.1, -183.6, -177.3, -183.6, -190.1, -197.6, -113.7, -94.2, -75.1, -56.8, -39.9, -25.7, -14.7, -6.9, -5.8, -9.8, -19.8, -33.1, -50.0, -70.1, -91.7, -113.4, -135.4, -126.8, -135.1, -137.7, -136.5, -132.6, -136.5, -144.3, -149.1, -149.7, -143.9, -119.8, -107.4, -95.3, -83.2, -74.5, -72.6, -71.4, -74.5, -77.6, -114.8, -119.9, -120.7, -115.7, -113.0, -111.9, -120.9, -128.5, -130.1, -127.1, -122.3, -120.5, -51.1, -56.5, -59.6, -58.6, -61.2, -60.2, -57.6, -46.7, -41.5, -39.9, -39.8, -42.7, -51.1, -53.7, -53.7, -55.4, -56.6, -50.3, -48.6, -48.6, 537.0, 535.9, 536.2, 536.7, 535.3, 531.2, 523.0, 512.3, 511.3, 520.2, 536.2, 549.9, 558.6, 562.9, 564.3, 565.6, 567.5, 507.4, 501.9, 497.5, 493.4, 490.7, 494.6, 501.4, 510.0, 518.8, 527.1, 492.2, 485.4, 478.3, 471.7, 485.3, 483.7, 483.0, 486.6, 490.6, 504.2, 501.4, 501.6, 502.0, 500.5, 500.3, 508.3, 510.4, 513.7, 518.6, 512.9, 509.7, 501.6, 489.9, 485.3, 485.5, 487.8, 497.0, 511.4, 498.5, 489.3, 486.9, 486.6, 491.6, 500.0, 487.3, 487.3, 489.7, 508.2, 490.5, 488.0, 488.2, 0.383, 0.041, -0.202, -0.072, 44.017, 63.361, 0.693, -6.999, 0.200, -1.381, -0.436, -1.189, -0.108, 0.035, -0.396, -0.469, -0.367, 0.206, -0.223, -0.159, 0.213, -0.161, -0.186, -0.018, -0.298, 0.094, 0.011, -0.098, 0.052, -0.045, -0.016, -0.006, 0.033, -0.029, 0.004, -0.000, 0.002, 0.001, 0.006, -0.001, 1.54, 0.05, 0.00, 0.00, 2.00, 2.10, 0.02, 1.10, 0.45, 0.00, 0.78, 2.01, 1.26, 0.16, 0.00, 0.00, 0.00, 1.0, 1.0, 0.0, 0.0, 1.0, 1.0, 0.0, 0.0, 0.0, 0.0, 1.0, 1.0, 0.0, 0.0, 0.0, 0.0, 1.0, 0.0
2, 0, 0.130, 0.03, 0, 0.000000, 0.000000, 0.000000, 0.000000, 0.000000, 0.000000, 0.000, 0.000, 27.2, 27.8, 29.7, 31.8, 32.8, 32.3, 30.3, 28.2, 24.4, 25.7, 27.5, 29.7, 31.8, 33.5, 34.6, 33.5, 31.7, 29.7, 27.7, 25.9, 29.2, 30.1, 30.9, 31.2, 30.7, 29.8, 29.0, 28.7, 51.1, 51.4, 53.1, 55.0, 56.2, 55.8, 54.1, 52.0, 49.3, 50.4, 52.0, 54.0, 55.9, 57.3, 58.2, 57.5, 56.3, 54.7, 52.8, 50.9, 52.9, 53.7, 54.5, 54.6, 54.1, 53.3, 52.5, 52.4, 48.9, 46.9, 45.9, 46.6, 48.5, 50.7, 51.5, 50.9, 50.3, 49.1, 48.1, 47.6, 47.8, 48.6, 49.7, 50.4, 50.7, 51.0, 51.0, 50.9, 49.7, 50.0, 49.6, 48.7, 47.9, 47.6, 48.0, 48.9, 46.6, 44.6, 43.6, 44.1, 45.9, 48.0, 49.0, 48.6, 48.2, 46.8, 45.7, 45.1, 45.2, 45.8, 46.8, 47.6, 48.1, 48.4, 48.5, 48.6, 47.3, 47.6, 47.1, 46.2, 45.4, 45.2, 45.6, 46.5, -200.8, -200.0, -196.3, -192.0, -189.5, -190.2, -194.0, -198.3, -208.3, -204.6, -199.9, -195.0, -190.9, -188.1, -186.4, -188.0, -190.8, -194.6, -199.2, -204.1, -197.0, -195.1, -193.5, -193.1, -194.2, -196.1, -197.7, -198.1, -154.0, -153.7, -150.7, -146.8, -144.3, -144.6, -147.6, -151.8, -157.8, -155.3, -151.8, -147.9, -144.6, -142.7, -141.8, -142.1, -143.5, -146.2, -149.9, -154.2, -150.7, -149.0, -147.7, -147.5, -148.7, -150.4, -151.7, -151.8, -97.0, -101.6, -103.9, -102.5, -98.2, -93.4, -91.5, -92.8, -95.0, -97.1, -98.6, -99.6, -99.4, -98.1, -96.1, -94.2, -93.1, -92.4, -92.4, -93.2, -95.5, -94.9, -95.9, -97.9, -99.8, -100.4, -99.4, -97.4, -104.3, -109.0, -111.6, -110.7, -106.7, -102.0, -99.4, -100.0, -100.9, -103.8, -106.1, -107.8, -108.1, -107.7, -106.2, -103.7, -101.8, -100.6, -100.0, -99.9, -103.2, -102.8, -103.9, -106.0, -107.7, -108.2, -107.0, -104.9, 410.2, 411.2, 411.9, 411.9, 411.2, 410.4, 409.5, 409.5, 413.6, 411.4, 409.6, 408.9, 409.8, 411.4, 413.1, 411.1, 409.1, 408.4, 409.2, 411.1, 410.9, 410.9, 411.2, 411.7, 412.0, 412.0, 411.7, 411.2, 419.6, 421.0, 422.7, 423.7, 423.5, 422.1, 420.4, 419.5, 419.8, 419.3, 419.1, 420.1, 422.7, 426.0, 429.1, 425.7, 422.3, 419.9, 418.8, 419.1, 421.3, 421.8, 422.5, 423.1, 423.2, 422.8, 422.0, 421.4, -214.6, -86.4, 529.2, 0.250, -0.567, -0.010, 10.5, 11.4, 12.9, 15.0, 18.5, 23.9, 30.8, 38.4, 45.6, 51.4, 55.5, 59.2, 62.2, 64.0, 64.7, 64.9, 64.4, 17.7, 21.7, 27.3, 33.1, 38.4, 47.1, 51.4, 55.7, 60.0, 62.9, 43.4, 44.5, 45.6, 46.8, 39.6, 42.8, 45.9, 48.5, 50.7, 24.3, 27.7, 31.5, 34.8, 31.7, 27.9, 49.3, 52.2, 55.6, 58.3, 56.2, 52.9, 33.6, 38.9, 43.3, 46.1, 48.8, 52.1, 54.8, 52.5, 49.6, 46.6, 43.6, 39.0, 35.6, 43.3, 46.1, 48.9, 53.4, 49.0, 46.1, 43.3, 52.9, 60.1, 67.2, 74.0, 80.2, 85.3, 89.1, 91.9, 92.1, 90.4, 86.4, 81.5, 75.6, 68.9, 61.7, 54.6, 47.4, 46.1, 42.3, 40.8, 40.9, 42.2, 41.1, 38.8, 37.8, 38.5, 41.4, 47.4, 51.8, 56.3, 60.8, 65.2, 65.8, 66.2, 65.2, 64.1, 50.2, 48.1, 47.8, 49.8, 50.7, 51.1, 48.3, 45.5, 45.2, 46.8, 48.1, 48.6, 75.1, 72.6, 71.2, 71.6, 70.7, 71.4, 72.8, 76.5, 78.2, 78.9, 78.9, 78.0, 75.0, 73.6, 73.6, 73.0, 73.1, 74.8, 75.4, 75.4, -307.9, -305.5, -302.2, -296.9, -286.4, -269.6, -247.3, -222.5, -203.6, -191.8, -186.3, -180.3, -174.2, -169.9, -167.9, -167.7, -169.4, -270.6, -257.4, -241.3, -225.0, -211.0, -191.1, -182.9, -175.0, -166.9, -161.9, -199.5, -194.2, -188.7, -183.6, -206.6, -198.3, -190.4, -185.4, -181.3, -252.3, -242.5, -233.1, -225.1, -232.3, -241.6, -191.2, -184.4, -176.7, -171.4, -174.9, -182.5, -229.0, -210.7, -197.8, -191.3, -185.4, -180.6, -178.8, -180.2, -184.3, -190.7, -197.9, -211.3, -223.4, -198.9, -192.1, -186.1, -181.2, -186.1, -192.2, -199.2, -115.7, -96.0, -76.6, -57.9, -40.9, -26.7, -15.8, -8.2, -7.7, -12.5, -24.0, -38.5, -56.0, -76.0, -96.8, -117.7, -138.8, -126.3, -134.5, -137.4, -136.2, -132.3, -136.6, -144.6, -149.8, -150.9, -145.5, -120.1, -107.5, -95.2, -82.8, -74.4, -72.7, -71.5, -74.7, -78.1, -115.0, -120.0, -121.0, -116.1, -113.2, -112.0, -122.0, -129.8, -131.5, -128.8, -123.7, -121.7, -51.4, -56.5, -59.5, -58.5, -61.3, -60.7, -58.7, -47.7, -42.3, -40.5, -40.4, -43.1, -51.5, -53.7, -53.8, -55.6, -57.5, -51.2, -49.3, -49.2, 534.8, 535.3, 536.6, 537.5, 536.2, 532.5, 524.8, 515.0, 515.1, 525.0, 541.3, 554.6, 562.4, 565.4, 565.8, 566.3, 567.5, 502.7, 497.2, 493.4, 489.9, 488.0, 493.4, 500.7, 509.9, 519.5, 528.6, 491.1, 484.8, 478.1, 471.9, 485.5, 484.3, 484.0, 487.7, 491.7, 500.4, 497.9, 498.5, 499.7, 497.8, 497.1, 508.4, 510.6, 514.3, 519.8, 513.9, 510.3, 501.6, 490.5, 486.5, 487.2, 489.9, 499.4, 514.1, 501.3, 492.1, 489.2, 488.5, 492.6, 500.2, 488.7, 489.2, 492.2, 510.6, 492.9, 489.9, 489.6, 0.383, 0.082, -0.243, -0.078, 43.139, 62.965, 2.321, 1.497, -1.859, -0.626, 0.334, -0.538, 0.103, -0.312, 0.092, 0.068, -0.104, -0.168, 0.053, -0.035, 0.147, 0.045, -0.049, 0.077, 0.030, -0.064, -0.080, 0.076, -0.051, -0.019, 0.047, -0.041, 0.008, 0.004, 0.003, 0.000, -0.001, -0.003, -0.002, -0.003, 1.59, 0.13, 0.00, 2.57, 0.90, 0.00, 0.00, 0.62, 0.00, 0.00, 0.92, 2.62, 0.15, 0.57, 0.00, 0.00, 0.41, 0.0, 1.0, 0.0, 1.0, 1.0, 0.0, 0.0, 0.0, 0.0, 0.0, 1.0, 1.0, 0.0, 0.0, 0.0, 0.0, 1.0, 0.0
3, 0, 0.261, 0.03, 0, 0.000000, 0.000000, 0.000000, 0.000000, 0.000000, 0.000000, 0.000, 0.000, 28.4, 29.1, 30.9, 33.0, 33.9, 33.4, 31.4, 29.4, 25.7, 26.9, 28.7, 30.8, 33.0, 34.6, 35.7, 34.5, 32.8, 30.8, 28.9, 27.1, 30.3, 31.2, 32.0, 32.3, 31.9, 31.0, 30.2, 29.9, 52.0, 52.4, 54.1, 56.0, 57.1, 56.7, 55.1, 53.0, 50.3, 51.4, 53.0, 55.0, 56.9, 58.3, 59.2, 58.5, 57.3, 55.7, 53.8, 51.8, 53.9, 54.7, 55.4, 55.6, 55.1, 54.3, 53.5, 53.4, 49.3, 47.3, 46.3, 47.0, 48.9, 51.1, 51.9, 51.2, 50.5, 49.4, 48.5, 48.0, 48.2, 49.0, 50.2, 50.8, 51.1, 51.3, 51.4, 51.1, 50.1, 50.4, 50.0, 49.1, 48.3, 48.0, 48.4, 49.3, 47.3, 45.3, 44.3, 44.9, 46.7, 48.6, 49.6, 49.3, 48.8, 47.5, 46.4, 45.8, 45.9, 46.5, 47.5, 48.3, 48.8, 49.0, 49.2, 49.2, 48.0, 48.2, 47.8, 46.9, 46.1, 45.9, 46.3, 47.2, -201.1, -200.2, -196.4, -192.1, -189.7, -190.5, -194.4, -198.8, -208.7, -205.0, -200.2, -195.3, -191.1, -188.3, -186.6, -188.3, -191.2, -195.1, -199.7, -204.5, -197.3, -195.4, -193.8, -193.3, -194.4, -196.3, -197.9, -198.3, -153.4, -153.0, -150.0, -146.1, -143.6, -144.0, -147.1, -151.3, -157.3, -154.7, -151.2, -147.2, -143.9, -141.9, -141.0, -141.4, -142.9, -145.6, -149.4, -153.7, -150.1, -148.4, -147.1, -146.9, -147.9, -149.7, -151.0, -151.2, -97.7, -102.3, -104.4, -103.0, -98.7, -93.9, -92.0, -93.5, -95.9, -97.9, -99.2, -100.2, -99.8, -98.5, -96.5, -94.6, -93.5, -92.9, -93.1, -94.0, -96.1, -95.5, -96.4, -98.4, -100.3, -100.9, -100.0, -98.0, -103.9, -108.6, -111.2, -110.2, -106.2, -101.5, -99.0, -99.6, -100.6, -103.4, -105.7, -107.3, -107.6, -107.2, -105.7, -103.2, -101.3, -100.1, -99.6, -99.6, -102.8, -102.4, -103.5, -105.5, -107.3, -107.7, -106.6, -104.6, 416.0, 417.0, 417.6, 417.5, 416.8, 416.2, 415.3, 415.4, 419.6, 417.4, 415.4, 414.7, 415.5, 417.1, 418.7, 416.8, 414.9, 414.2, 415.1, 417.1, 416.8, 416.7, 417.0, 417.4, 417.7, 417.8, 417.5, 417.1, 423.9, 425.2, 426.8, 427.8, 427.6, 426.3, 424.7, 423.8, 424.3, 423.6, 423.4, 424.3, 426.8, 430.1, 433.2, 429.8, 426.5, 424.2, 423.2, 423.5, 425.6, 426.1, 426.8, 427.3, 427.4, 427.0, 426.3, 425.7, -214.7, -86.3, 535.2, 0.278, -0.542, 0.012, 12.1, 12.9, 14.3, 16.3, 19.8, 25.1, 31.7, 39.0, 46.1, 51.9, 56.1, 59.9, 63.0, 64.9, 65.7, 66.0, 65.6, 19.1, 23.1, 28.6, 34.3, 39.4, 48.1, 52.4, 56.7, 61.0, 63.9, 44.4, 45.4, 46.3, 47.3, 40.3, 43.4, 46.5, 49.1, 51.4, 25.6, 28.9, 32.6, 35.9, 32.8, 29.0, 50.3, 53.2, 56.6, 59.3, 57.2, 53.8, 34.3, 39.4, 43.9, 46.6, 49.3, 52.7, 55.4, 53.0, 50.0, 47.0, 44.0, 39.5, 36.1, 43.8, 46.6, 49.4, 54.0, 49.5, 46.6, 43.8, 52.5, 59.7, 66.9, 73.7, 79.8, 85.0, 89.0, 91.8, 92.1, 90.4, 86.3, 81.4, 75.5, 68.9, 61.9, 54.8, 47.8, 46.2, 42.7, 41.3, 41.5, 43.0, 42.0, 39.7, 38.7, 39.3, 42.1, 48.1, 52.6, 57.1, 61.7, 65.7, 66.4, 66.9, 65.8, 64.7, 50.5, 48.4, 48.2, 50.2, 51.1, 51.4, 48.9, 46.2, 45.9, 47.5, 48.8, 49.2, 75.2, 73.0, 71.7, 72.1, 71.2, 71.8, 73.1, 76.9, 78.8, 79.4, 79.4, 78.3, 75.1, 74.0, 74.1, 73.5, 73.5, 75.3, 75.9, 75.9, -307.8, -306.0, -303.2, -298.3, -287.9, -271.1, -249.1, -224.6, -205.6, -193.3, -187.1, -180.4, -173.6, -168.8, -166.3, -165.5, -166.8, -270.5, -257.0, -240.8, -224.5, -210.5, -190.4, -181.9, -173.6, -165.3, -160.2, -199.2, -194.4, -189.3, -184.6, -207.9, -199.5, -191.5, -186.2, -181.9, -252.3, -242.4, -232.9, -224.9, -232.3, -241.8, -190.6, -183.5, -175.7, -170.3, -174.1, -181.8, -231.1, -212.7, -199.5, -192.9, -186.8, -181.7, -179.6, -181.6, -186.1, -192.7, -200.0, -213.5, -225.5, -200.6, -193.7, -187.6, -182.2, -187.7, -193.9, -201.1, -118.5, -98.5, -78.9, -59.9, -42.5, -27.9, -16.6, -8.5, -7.8, -12.7, -24.6, -39.3, -56.9, -76.6, -97.1, -117.7, -138.5, -127.6, -135.3, -137.7, -136.1, -131.8, -135.7, -143.5, -148.6, -149.8, -144.6, -119.7, -106.8, -94.3, -81.8, -74.2, -72.2, -70.8, -74.0, -77.4, -115.9, -120.6, -121.3, -116.3, -113.6, -112.6, -121.6, -129.2, -130.8, -128.1, -123.0, -121.2, -51.9, -56.4, -59.1, -58.0, -60.7, -60.2, -58.5, -47.3, -41.7, -39.9, -39.8, -43.0, -51.9, -53.4, -53.4, -55.2, -57.3, -50.6, -48.7, -48.7, 542.6, 543.7, 545.6, 546.8, 545.7, 541.8, 533.9, 523.8, 523.5, 532.9, 548.8, 561.4, 568.3, 570.5, 570.1, 570.1, 570.9, 509.1, 503.3, 499.1, 495.3, 493.2, 498.3, 505.2, 514.0, 523.3, 532.4, 496.5, 490.4, 483.9, 478.0, 492.4, 491.0, 490.5, 494.0, 497.9, 506.8, 504.0, 504.4, 505.6, 503.9, 503.4, 513.6, 515.5, 519.0, 524.4, 518.7, 515.3, 509.8, 498.3, 493.7, 494.4, 496.9, 506.4, 521.1, 508.6, 499.6, 496.9, 496.2, 500.6, 508.3, 496.2, 496.6, 499.4, 517.7, 500.2, 497.3, 497.2, 0.378, 0.114, -0.218, -0.065, 43.986, 63.346, 0.722, 3.450, -1.146, -0.355, 0.573, 0.221, -0.034, 0.083, 0.011, -0.003, 0.193, 0.049, 0.058, 0.039, -0.086, 0.009, 0.004, -0.080, -0.050, 0.015, 0.045, -0.021, -0.080, -0.023, 0.003, 0.022, -0.013, 0.008, -0.005, 0.006, 0.002, 0.002, -0.002, -0.001, 2.83, 0.71, 0.00, 2.32, 0.72, 0.51, 0.00, 0.20, 0.00, 0.00, 0.00, 1.42, 1.17, 0.58, 0.00, 0.00, 0.14, 1.0, 1.0, 0.0, 0.0, 0.0, 1.0, 0.0, 0.0, 0.0, 0.0, 1.0, 1.0, 1.0, 0.0, 0.0, 0.0, 1.0, 0.0
4, 0, 0.391, 0.03, 0, 0.000000, 0.000000, 0.000000, 0.000000, 0.000000, 0.000000, 0.000, 0.000, 26.5, 27.3, 29.2, 31.2, 32.0, 31.4, 29.3, 27.3, 23.9, 25.1, 26.8, 28.9, 31.1, 32.7, 33.9, 32.6, 30.8, 28.8, 26.8, 25.1, 28.4, 29.3, 30.1, 30.5, 30.1, 29.3, 28.4, 28.1, 50.8, 51.3, 53.1, 55.1, 56.1, 55.6, 53.8, 51.7, 48.9, 50.1, 51.7, 53.8, 55.8, 57.4, 58.4, 57.5, 56.1, 54.4, 52.4, 50.4, 52.6, 53.5, 54.3, 54.5, 54.1, 53.2, 52.4, 52.2, 49.1, 47.1, 46.2, 47.0, 49.0, 51.1, 51.8, 51.0, 50.1, 49.1, 48.3, 47.9, 48.2, 49.1, 50.3, 50.9, 51.1, 51.3, 51.2, 50.9, 50.0, 50.3, 49.9, 49.1, 48.2, 47.9, 48.2, 49.1, 47.9, 45.9, 44.9, 45.5, 47.4, 49.5, 50.5, 50.0, 49.4, 48.1, 47.1, 46.5, 46.7, 47.3, 48.3, 49.1, 49.6, 49.8, 49.9, 49.9, 48.7, 49.0, 48.5, 47.6, 46.8, 46.5, 47.0, 47.9, -205.0, -203.7, -199.7, -195.3, -193.2, -194.3, -198.6, -202.9, -212.8, -208.9, -204.1, -198.9, -194.6, -191.8, -190.0, -192.0, -195.1, -199.2, -203.9, -208.7, -201.2, -199.2, -197.5, -196.9, -197.8, -199.7, -201.5, -202.1, -152.1, -151.4, -148.0, -144.0, -141.7, -142.4, -145.8, -150.2, -156.3, -153.5, -149.8, -145.5, -142.0, -139.8, -138.6, -139.4, -141.3, -144.3, -148.3, -152.7, -148.7, -146.9, -145.4, -145.1, -146.1, -147.9, -149.3, -149.7, -98.1, -102.6, -104.5, -102.7, -98.3, -93.6, -92.0, -93.8, -96.7, -98.5, -99.5, -100.1, -99.6, -98.1, -95.9, -94.2, -93.3, -93.0, -93.4, -94.6, -96.3, -95.5, -96.4, -98.3, -100.2, -101.0, -100.2, -98.2, -99.8, -104.4, -106.9, -105.7, -101.6, -96.9, -94.5, -95.4, -96.8, -99.4, -101.4, -102.7, -102.9, -102.4, -101.0, -98.5, -96.7, -95.7, -95.3, -95.5, -98.5, -98.0, -99.1, -101.1, -102.9, -103.4, -102.3, -100.3, 415.8, 416.4, 416.7, 416.4, 415.7, 415.2, 414.8, 415.1, 419.9, 417.3, 415.1, 413.9, 414.5, 415.8, 417.4, 415.7, 414.1, 413.8, 414.9, 417.2, 416.3, 416.1, 416.2, 416.5, 416.8, 417.0, 416.8, 416.6, 412.7, 413.8, 415.1, 415.8, 415.6, 414.5, 413.2, 412.6, 413.4, 412.5, 412.0, 412.6, 414.7, 417.8, 420.9, 417.6, 414.6, 412.5, 411.8, 412.4, 414.2, 414.5, 415.1, 415.5, 415.7, 415.3, 414.8, 414.3, -217.1, -83.9, 527.6, 0.325, -0.413, 0.056, 12.2, 12.8, 13.9, 15.7, 18.8, 23.6, 29.6, 36.3, 43.3, 49.7, 55.0, 59.7, 63.4, 65.7, 66.8, 67.4, 67.3, 17.6, 21.5, 26.7, 32.2, 37.2, 46.1, 50.9, 55.7, 60.5, 63.8, 42.1, 42.5, 43.0, 43.5, 37.0, 40.0, 43.1, 45.9, 48.5, 23.7, 27.0, 30.8, 34.0, 30.8, 27.0, 48.8, 52.0, 55.6, 58.5, 56.0, 52.5, 31.5, 36.1, 40.4, 43.1, 46.1, 50.0, 53.5, 50.2, 46.6, 43.4, 40.4, 36.0, 33.2, 40.4, 43.2, 46.2, 51.9, 46.3, 43.2, 40.3, 50.7, 57.9, 65.1, 72.0, 78.4, 84.0, 88.5, 92.1, 92.8, 91.1, 86.8, 81.7, 75.8, 69.0, 62.0, 54.8, 47.6, 45.4, 42.1, 41.1, 41.7, 43.5, 42.7, 40.5, 39.4, 40.1, 42.9, 48.8, 53.5, 58.2, 63.1, 66.4, 67.3, 68.0, 67.0, 65.9, 50.1, 48.2, 48.2, 50.3, 51.1, 51.3, 49.5, 46.9, 46.7, 48.2, 49.6, 49.9, 75.3, 73.5, 72.6, 73.2, 72.3, 72.9, 74.0, 78.1, 80.1, 80.6, 80.5, 79.0, 75.4, 74.9, 75.1, 74.6, 74.3, 76.6, 77.2, 77.0, -309.1, -308.6, -306.8, -302.9, -293.5, -277.5, -256.5, -232.7, -212.7, -197.9, -188.2, -178.3, -169.1, -162.6, -158.9, -157.0, -157.0, -274.5, -260.4, -243.6, -227.0, -213.0, -191.2, -181.0, -171.2, -161.5, -155.5, -201.6, -198.3, -194.7, -191.4, -214.6, -206.0, -197.8, -191.6, -186.4, -256.5, -246.0, -235.8, -227.6, -235.8, -245.9, -190.3, -182.2, -173.7, -167.6, -172.6, -181.0, -238.6, -220.3, -206.7, -199.6, -192.6, -186.0, -182.0, -186.6, -193.0, -200.6, -208.4, -222.1, -232.9, -208.0, -200.6, -193.6, -185.2, -194.0, -201.1, -208.8, -124.3, -104.3, -84.5, -65.2, -46.9, -31.0, -17.8, -7.8, -5.9, -10.6, -22.8, -37.7, -55.1, -74.4, -94.3, -114.4, -134.8, -129.8, -136.2, -137.1, -134.1, -128.7, -130.9, -137.9, -142.5, -143.1, -138.0, -115.9, -102.8, -90.1, -77.3, -71.8, -69.3, -67.3, -70.2, -73.3, -116.6, -120.4, -120.4, -114.8, -112.8, -112.6, -117.5, -124.3, -125.3, -122.5, -117.7, -116.5, -51.8, -54.7, -56.4, -54.9, -57.2, -56.7, -55.4, -43.6, -37.9, -36.4, -36.8, -41.1, -51.3, -50.9, -50.4, -51.8, -54.2, -46.8, -45.2, -45.8, 545.4, 547.4, 550.0, 551.9, 550.9, 546.4, 537.3, 525.3, 522.6, 529.2, 542.4, 552.4, 557.0, 557.4, 555.6, 554.2, 553.9, 509.5, 501.7, 495.3, 489.5, 486.0, 487.4, 492.2, 499.1, 506.9, 515.3, 488.1, 482.6, 476.7, 471.3, 488.7, 486.3, 484.8, 487.2, 490.1, 505.6, 501.3, 500.4, 500.6, 500.3, 501.2, 502.8, 503.1, 505.2, 509.8, 505.3, 503.2, 510.2, 496.4, 489.9, 489.6, 490.9, 499.2, 513.1, 502.5, 495.1, 493.6, 494.1, 499.9, 508.0, 492.8, 492.1, 493.8, 510.5, 495.2, 493.5, 494.4, 0.382, 0.184, -0.075, -0.040, 42.020, 63.752, -1.267, 1.869, 0.155, 0.219, 0.312, -0.470, -0.028, -0.723, -0.320, 0.201, 0.121, -0.015, -0.060, -0.044, -0.172, 0.114, -0.054, -0.038, -0.101, -0.039, 0.012, -0.008, 0.053, -0.005, 0.025, -0.017, 0.011, 0.004, -0.004, 0.004, -0.004, 0.003, 0.003, 0.002, 1.48, 0.23, 0.00, 1.86, 1.55, 0.11, 0.00, 1.72, 0.43, 1.02, 0.00, 0.53, 0.89, 0.40, 0.62, 0.00, 0.30, 0.0, 1.0, 0.0, 1.0, 1.0, 0.0, 0.0, 1.0, 0.0, 0.0, 0.0, 0.0, 0.0, 0.0, 1.0, 0.0, 1.0, 0.0
5, 0, 0.522, 0.03, 0, 0.000000, 0.000000, 0.000000, 0.000000, 0.000000, 0.000000, 0.000, 0.000, 23.1, 23.8, 25.7, 27.6, 28.5, 28.0, 26.0, 24.0, 20.6, 21.7, 23.3, 25.4, 27.5, 29.2, 30.5, 29.2, 27.3, 25.4, 23.5, 21.8, 25.0, 25.9, 26.7, 27.0, 26.6, 25.8, 24.9, 24.6, 47.6, 48.1, 50.0, 52.1, 53.2, 52.6, 50.8, 48.6, 45.8, 46.9, 48.5, 50.7, 52.8, 54.5, 55.7, 54.7, 53.2, 51.3, 49.3, 47.3, 49.6, 50.5, 51.3, 51.5, 51.1, 50.1, 49.3, 49.1, 46.8, 44.8, 43.9, 44.6, 46.4, 48.6, 49.4, 48.7, 48.1, 46.9, 46.0, 45.5, 45.7, 46.5, 47.7, 48.3, 48.6, 48.9, 48.9, 48.7, 47.6, 47.9, 47.5, 46.6, 45.8, 45.5, 45.9, 46.8, 44.7, 42.6, 41.6, 42.2, 44.1, 46.2, 47.2, 46.8, 46.3, 44.9, 43.8, 43.2, 43.4, 44.0, 45.1, 45.8, 46.3, 46.6, 46.7, 46.7, 45.5, 45.8, 45.3, 44.4, 43.6, 43.3, 43.7, 44.7, -213.9, -212.8, -208.8, -204.2, -201.8, -202.7, -206.9, -211.5, -221.5, -217.8, -213.1, -208.0, -203.4, -200.3, -198.3, -200.3, -203.5, -207.7, -212.5, -217.3, -209.8, -207.8, -206.0, -205.5, -206.6, -208.6, -210.4, -210.8, -155.9, -155.3, -151.8, -147.6, -145.0, -145.7, -149.1, -153.7, -160.0, -157.3, -153.6, -149.2, -145.5, -142.9, -141.4, -142.4, -144.5, -147.7, -151.8, -156.3, -152.1, -150.3, -148.8, -148.5, -149.6, -151.5, -153.0, -153.3, -103.6, -108.2, -110.2, -108.6, -104.3, -99.5, -97.7, -99.3, -101.8, -103.8, -105.2, -106.0, -105.5, -104.1, -101.9, -100.1, -99.2, -98.7, -98.9, -99.9, -101.9, -101.2, -102.1, -104.1, -106.0, -106.7, -105.8, -103.8, -104.6, -109.3, -111.7, -110.5, -106.4, -101.7, -99.3, -100.2, -101.5, -104.2, -106.3, -107.6, -107.7, -107.2, -105.7, -103.3, -101.6, -100.6, -100.2, -100.3, -103.3, -102.8, -103.8, -105.9, -107.7, -108.2, -107.2, -105.1, 418.8, 419.6, 419.7, 419.1, 418.1, 417.5, 417.1, 417.8, 423.1, 420.6, 418.2, 416.8, 417.1, 418.1, 419.4, 417.8, 416.4, 416.3, 417.7, 420.2, 419.0, 418.7, 418.7, 419.1, 419.5, 419.8, 419.8, 419.4, 405.1, 406.3, 407.4, 407.7, 407.1, 405.9, 404.8, 404.6, 406.0, 405.0, 404.3, 404.6, 406.4, 409.1, 411.9, 408.7, 405.9, 404.1, 403.7, 404.6, 406.2, 406.3, 406.8, 407.3, 407.6, 407.5, 407.0, 406.5, -218.9, -88.9, 514.9, 0.189, -0.296, -0.038, 10.9, 11.7, 13.1, 15.1, 18.3, 23.2, 28.8, 35.1, 42.0, 48.8, 54.9, 60.2, 64.2, 66.5, 67.4, 67.6, 67.4, 14.4, 17.7, 22.7, 27.9, 32.8, 41.9, 47.0, 52.2, 57.5, 61.4, 38.0, 38.3, 38.5, 38.8, 33.3, 36.3, 39.3, 42.2, 44.9, 20.5, 23.5, 27.3, 30.6, 27.3, 23.6, 45.7, 48.8, 52.6, 55.8, 53.1, 49.4, 29.0, 33.0, 36.9, 39.7, 42.7, 47.1, 51.5, 47.5, 43.5, 40.2, 37.2, 33.1, 30.7, 37.0, 39.8, 43.0, 49.7, 43.1, 39.9, 37.1, 51.1, 58.4, 65.6, 72.6, 78.8, 83.9, 87.8, 90.5, 90.8, 89.2, 85.4, 80.6, 74.8, 67.9, 60.6, 53.3, 45.9, 44.0, 40.2, 38.6, 38.7, 40.1, 39.1, 36.8, 35.9, 36.6, 39.7, 45.3, 49.8, 54.2, 58.9, 63.2, 63.9, 64.4, 63.3, 62.3, 48.1, 46.0, 45.7, 47.7, 48.6, 49.0, 46.4, 43.7, 43.4, 45.0, 46.3, 46.7, 73.0, 70.6, 69.3, 69.7, 68.8, 69.5, 71.0, 74.6, 76.3, 76.9, 76.9, 75.9, 72.9, 71.7, 71.7, 71.2, 71.3, 72.8, 73.4, 73.4, -316.7, -313.8, -309.5, -303.2, -291.8, -274.3, -252.3, -228.4, -208.1, -192.3, -181.0, -170.0, -160.7, -155.1, -152.7, -152.1, -153.3, -286.7, -273.4, -256.3, -239.0, -223.9, -200.4, -189.3, -178.0, -166.6, -158.4, -210.3, -206.6, -202.8, -199.1, -220.5, -211.5, -203.0, -196.4, -190.7, -266.3, -255.9, -245.2, -235.8, -244.5, -255.2, -195.8, -187.8, -178.6, -171.3, -176.9, -185.9, -241.0, -224.0, -210.8, -203.3, -195.9, -187.8, -181.3, -187.0, -194.2, -202.2, -210.4, -224.1, -235.3, -211.3, -203.6, -196.1, -184.8, -195.9, -203.5, -211.4, -124.6, -103.7, -83.2, -63.4, -45.5, -30.7, -19.5, -11.7, -10.9, -15.2, -25.8, -39.3, -55.8, -75.0, -95.3, -115.8, -136.7, -135.3, -143.1, -144.8, -142.3, -137.0, -139.1, -145.9, -149.8, -149.6, -143.4, -123.7, -110.9, -98.4, -85.9, -78.6, -76.4, -74.7, -77.5, -80.4, -122.4, -126.8, -126.9, -121.2, -119.1, -118.7, -123.9, -130.8, -131.7, -128.3, -124.0, -122.9, -56.7, -61.0, -63.4, -62.0, -64.3, -63.4, -61.3, -50.9, -46.0, -44.6, -44.8, -48.0, -56.5, -57.6, -57.4, -58.8, -60.3, -54.7, -53.2, -53.4, 552.4, 551.3, 550.9, 549.6, 545.4, 537.4, 524.3, 508.6, 503.3, 508.2, 521.1, 531.1, 536.7, 538.8, 539.1, 539.9, 541.9, 516.1, 507.9, 500.0, 492.1, 486.0, 484.1, 487.7, 493.1, 498.8, 505.0, 484.4, 477.4, 469.9, 463.0, 481.2, 477.5, 474.7, 476.3, 478.5, 508.2, 503.3, 501.1, 499.4, 499.9, 502.1, 496.2, 496.1, 496.9, 499.8, 495.9, 495.1, 501.6, 486.9, 479.3, 477.8, 478.2, 484.7, 496.8, 485.7, 478.8, 478.3, 480.1, 488.2, 498.8, 481.3, 479.5, 480.1, 494.5, 480.3, 479.7, 481.8, 0.389, 0.059, 0.062, -0.087, 39.416, 61.166, 4.201, -0.073, -0.203, -4.043, 0.350, 1.248, -0.317, -1.634, -0.864, -0.141, -0.115, -0.068, 0.059, 0.035, 0.010, -0.072, -0.004, 0.290, -0.234, -0.135, -0.369, -0.205, 0.154, 0.119, 0.034, 0.003, -0.053, -0.006, -0.004, -0.001, -0.014, 0.003, 0.001, 0.002, 1.20, 0.00, 0.00, 0.00, 1.70, 3.76, 1.05, 0.37, 0.02, 0.00, 0.93, 0.43, 1.83, 0.00, 0.57, 1.74, 0.65, 1.0, 1.0, 0.0, 0.0, 1.0, 1.0, 1.0, 0.0, 0.0, 0.0, 1.0, 0.0, 1.0, 0.0, 1.0, 0.0, 1.0, 1.0
6, 0, 0.652, 0.03, 0, 0.000000, 0.000000, 0.000000, 0.000000, 0.000000, 0.000000, 0.000, 0.000, 23.1, 23.6, 25.4, 27.4, 28.4, 28.1, 26.1, 24.1, 20.7, 21.7, 23.3, 25.3, 27.4, 29.1, 30.4, 29.2, 27.4, 25.5, 23.6, 21.9, 25.1, 25.9, 26.7, 27.0, 26.5, 25.6, 24.9, 24.6, 46.6, 47.0, 48.6, 50.7, 51.9, 51.5, 49.9, 47.7, 45.0, 46.0, 47.5, 49.5, 51.5, 53.1, 54.2, 53.4, 52.1, 50.4, 48.4, 46.5, 48.6, 49.5, 50.2, 50.3, 49.8, 48.9, 48.2, 48.0, 47.1, 45.1, 44.0, 44.6, 46.4, 48.5, 49.4, 48.9, 48.5, 47.3, 46.3, 45.7, 45.8, 46.4, 47.5, 48.2, 48.6, 48.9, 49.1, 49.0, 47.8, 48.0, 47.5, 46.7, 45.9, 45.6, 46.1, 47.0, 43.5, 41.5, 40.3, 40.8, 42.5, 44.6, 45.7, 45.4, 45.2, 43.8, 42.6, 41.9, 41.9, 42.3, 43.2, 44.0, 44.6, 45.0, 45.3, 45.5, 44.1, 44.3, 43.8, 42.9, 42.1, 41.9, 42.4, 43.3, -217.7, -216.9, -213.1, -208.5, -205.8, -206.4, -210.5, -215.1, -225.2, -221.6, -217.0, -211.9, -207.5, -204.4, -202.3, -204.1, -207.2, -211.3, -216.0, -220.9, -213.6, -211.6, -209.9, -209.5, -210.7, -212.7, -214.4, -214.7, -163.8, -163.5, -160.4, -156.2, -153.4, -153.7, -156.8, -161.3, -167.5, -165.0, -161.6, -157.4, -153.9, -151.6, -150.2, -150.8, -152.5, -155.5, -159.4, -163.8, -160.1, -158.3, -156.9, -156.8, -158.0, -159.8, -161.2, -161.3, -105.0, -109.6, -111.9, -110.6, -106.4, -101.6, -99.5, -100.8, -102.9, -105.0, -106.4, -107.5, -107.4, -106.3, -104.4, -102.4, -101.2, -100.4, -100.3, -101.1, -103.6, -103.0, -104.0, -106.0, -107.9, -108.4, -107.4, -105.4, -111.2, -115.9, -118.7, -117.9, -114.0, -109.2, -106.5, -106.9, -107.8, -110.5, -112.9, -114.7, -115.2, -115.0, -113.9, -111.2, -109.2, -107.8, -107.0, -106.8, -110.2, -109.9, -111.1, -113.2, -114.9, -115.2, -114.0, -111.9, 426.3, 427.1, 427.3, 426.9, 426.0, 425.4, 425.0, 425.5, 430.5, 428.0, 425.7, 424.5, 424.9, 426.1, 427.5, 425.8, 424.3, 424.1, 425.3, 427.7, 426.7, 426.5, 426.6, 426.9, 427.3, 427.5, 427.4, 427.0, 420.2, 421.4, 422.7, 423.3, 422.9, 421.6, 420.4, 419.9, 420.8, 420.0, 419.5, 420.0, 422.1, 425.1, 428.0, 424.8, 421.7, 419.7, 419.0, 419.7, 421.5, 421.8, 422.4, 422.9, 423.1, 422.8, 422.2, 421.7, -226.4, -95.1, 535.7, 0.277, -0.402, -0.070, 10.0, 11.3, 13.2, 15.7, 19.3, 24.5, 30.7, 37.4, 44.4, 50.6, 55.5, 59.7, 62.7, 64.2, 64.5, 64.2, 63.4, 14.2, 17.4, 22.4, 27.7, 32.6, 41.4, 45.9, 50.6, 55.4, 59.0, 38.1, 38.9, 39.8, 40.7, 34.9, 37.9, 41.0, 43.7, 46.1, 20.6, 23.5, 27.1, 30.5, 27.4, 23.8, 44.9, 47.8, 51.3, 54.3, 52.0, 48.5, 30.6, 34.7, 38.8, 41.6, 44.6, 48.5, 52.3, 49.4, 45.9, 42.7, 39.7, 35.3, 32.3, 39.1, 41.9, 44.9, 50.8, 45.2, 42.2, 39.3, 50.9, 58.0, 65.1, 71.8, 77.8, 82.7, 86.5, 89.2, 89.1, 86.9, 82.3, 76.9, 70.7, 63.8, 56.7, 49.6, 42.6, 44.7, 40.9, 39.2, 39.1, 40.3, 38.7, 36.1, 34.7, 35.0, 37.6, 44.9, 49.5, 54.0, 58.6, 62.8, 63.3, 63.7, 62.4, 61.1, 48.5, 46.2, 45.8, 47.5, 48.6, 49.2, 45.2, 42.4, 41.9, 43.2, 44.7, 45.3, 72.5, 70.0, 68.6, 68.8, 67.7, 68.0, 69.0, 73.3, 75.6, 76.4, 76.6, 75.6, 72.4, 70.9, 70.7, 69.9, 69.4, 72.1, 73.0, 73.1, -321.6, -318.4, -313.8, -307.3, -295.5, -277.7, -255.5, -230.9, -210.6, -196.1, -187.3, -179.0, -171.9, -167.9, -166.6, -167.2, -169.8, -289.8, -277.0, -260.6, -243.7, -229.0, -207.1, -197.5, -187.7, -177.6, -170.6, -215.6, -210.7, -205.6, -200.8, -223.0, -213.9, -205.4, -199.4, -194.4, -269.9, -260.2, -250.0, -240.9, -249.0, -259.1, -203.7, -196.3, -187.7, -181.1, -185.7, -194.2, -243.9, -226.4, -212.9, -205.5, -198.6, -191.4, -186.6, -190.2, -196.2, -203.9, -211.9, -226.1, -238.2, -213.4, -205.8, -198.7, -189.8, -198.4, -205.6, -213.5, -126.0, -105.8, -86.0, -66.9, -49.4, -34.8, -23.5, -15.7, -15.9, -22.1, -35.5, -51.7, -69.9, -89.8, -110.0, -130.2, -150.6, -134.6, -142.6, -145.2, -143.7, -139.5, -143.8, -151.9, -157.3, -158.8, -154.1, -127.8, -114.7, -102.0, -89.3, -81.9, -80.1, -78.8, -82.5, -86.3, -123.3, -128.1, -129.1, -124.4, -121.5, -120.3, -130.6, -138.1, -139.9, -137.7, -132.5, -130.5, -59.8, -64.4, -67.3, -66.5, -69.6, -70.0, -69.2, -56.5, -49.8, -47.5, -47.1, -50.2, -59.8, -61.7, -62.0, -64.2, -67.6, -58.7, -56.3, -56.1, 556.4, 557.4, 559.1, 559.9, 557.6, 551.9, 541.5, 528.2, 524.7, 531.1, 544.4, 554.8, 559.7, 560.6, 559.3, 558.7, 559.3, 520.9, 513.2, 506.6, 500.3, 496.2, 497.1, 501.6, 508.1, 515.3, 522.9, 497.0, 490.5, 483.8, 477.6, 495.4, 492.4, 490.4, 492.7, 495.7, 515.5, 511.4, 510.2, 509.8, 509.6, 510.8, 511.0, 511.4, 513.1, 517.0, 512.6, 511.0, 516.3, 502.1, 495.3, 494.7, 495.9, 503.8, 517.4, 506.4, 498.9, 497.5, 498.3, 504.7, 514.0, 497.8, 496.9, 498.4, 514.8, 499.7, 498.1, 499.3, 0.378, 0.124, -0.052, -0.149, 39.855, 60.135, -2.940, 3.371, 1.977, 1.708, -1.935, 0.408, -0.147, -0.284, -0.000, -0.081, -0.142, -0.144, -0.016, 0.070, -0.013, -0.007, -0.006, 0.062, -0.019, -0.064, -0.072, 0.048, 0.010, -0.032, -0.002, -0.005, 0.018, 0.012, -0.006, 0.001, 0.004, -0.004, -0.003, 0.001, 1.15, 0.00, 0.00, 0.12, 1.67, 0.80, 0.05, 1.21, 0.94, 0.00, 0.00, 0.29, 0.65, 0.00, 0.40, 0.00, 0.72, 1.0, 1.0, 0.0, 0.0, 1.0, 1.0, 0.0, 1.0, 1.0, 0.0, 0.0, 0.0, 0.0, 0.0, 1.0, 0.0, 1.0, 0.0
17, 0, 2.087, 0.82, 1, 0.109547, -0.015272, -0.993864, -0.088745, 0.007295, -0.996028, 0.010, -0.004, 89.0, 89.7, 91.7, 93.9, 94.9, 94.4, 92.2, 90.0, 86.5, 87.6, 89.2, 91.4, 93.7, 95.6, 97.0, 95.6, 93.6, 91.5, 89.5, 87.7, 91.2, 92.1, 93.0, 93.3, 92.8, 91.9, 91.0, 90.7, 115.6, 116.2, 118.2, 120.5, 121.6, 121.0, 119.0, 116.6, 113.6, 114.9, 116.6, 119.0, 121.3, 123.1, 124.5, 123.3, 121.6, 119.6, 117.3, 115.2, 117.7, 118.7, 119.6, 119.9, 119.4, 118.4, 117.5, 117.2, 61.2, 59.1, 58.0, 58.6, 60.5, 62.7, 63.6, 63.0, 63.0, 61.5, 60.4, 59.6, 59.8, 60.6, 61.8, 62.4, 62.6, 62.9, 63.1, 63.2, 62.0, 62.2, 61.8, 60.8, 60.0, 59.8, 60.2, 61.1, 58.3, 56.1, 55.1, 55.7, 57.7, 59.9, 60.9, 60.5, 60.0, 58.5, 57.4, 56.8, 57.0, 57.8, 59.0, 59.5, 59.8, 60.0, 60.1, 60.3, 59.1, 59.4, 59.0, 58.0, 57.2, 56.9, 57.3, 58.3, -67.5, -66.4, -62.4, -57.9, -55.6, -56.5, -60.7, -65.2, -73.4, -70.8, -67.0, -62.4, -57.8, -54.1, -51.5, -54.0, -57.8, -62.1, -66.3, -70.3, -63.2, -61.2, -59.5, -59.0, -60.0, -62.0, -63.7, -64.2, -13.4, -12.3, -8.4, -4.0, -1.7, -2.8, -6.7, -11.4, -17.2, -14.8, -11.3, -6.8, -2.4, 1.3, 3.9, 1.6, -1.7, -5.6, -9.9, -14.0, -9.2, -7.3, -5.6, -5.1, -6.1, -8.0, -9.7, -10.2, -68.3, -72.8, -75.0, -73.6, -69.5, -64.7, -62.9, -64.2, -65.3, -67.9, -69.8, -71.1, -70.7, -69.3, -67.0, -65.6, -64.9, -64.3, -64.0, -64.2, -66.6, -66.1, -67.0, -68.9, -70.7, -71.3, -70.4, -68.4, -71.1, -75.6, -77.9, -76.6, -72.4, -67.9, -65.7, -66.6, -67.9, -70.6, -72.7, -73.9, -73.7, -72.7, -70.8, -69.1, -68.0, -67.4, -67.1, -67.0, -69.5, -68.9, -69.9, -71.9, -73.7, -74.3, -73.3, -71.3, 392.8, 394.4, 394.8, 393.8, 392.0, 390.6, 390.1, 391.1, 396.7, 394.5, 392.4, 391.2, 391.2, 392.0, 392.8, 391.0, 389.6, 389.5, 390.9, 393.5, 392.6, 392.2, 392.3, 393.0, 393.8, 394.2, 394.0, 393.3, 376.8, 378.5, 379.7, 379.6, 378.3, 376.6, 375.4, 375.6, 377.4, 376.6, 376.0, 376.2, 377.8, 380.2, 382.6, 379.4, 376.5, 374.9, 374.7, 375.8, 377.4, 377.4, 377.9, 378.6, 379.2, 379.2, 378.7, 378.0, -36.1, -40.5, 432.2, -0.121, 0.049, -0.063, 77.1, 77.4, 78.4, 80.1, 83.0, 87.6, 93.3, 100.0, 107.8, 115.9, 123.2, 129.7, 134.8, 137.9, 139.1, 139.6, 139.6, 80.4, 83.9, 89.0, 94.3, 99.1, 109.1, 114.7, 120.6, 126.5, 130.9, 104.5, 104.4, 104.3, 104.2, 98.7, 101.8, 105.1, 108.5, 111.7, 86.3, 89.6, 93.5, 97.1, 93.5, 89.5, 113.4, 117.0, 121.0, 124.6, 121.5, 117.5, 94.1, 97.8, 102.3, 105.5, 109.2, 114.6, 119.9, 115.3, 110.3, 106.3, 102.8, 98.1, 96.0, 102.5, 105.7, 109.4, 118.0, 109.9, 106.0, 102.7, 69.7, 77.3, 85.1, 92.8, 99.7, 105.3, 109.3, 111.7, 111.9, 110.7, 107.7, 103.2, 97.1, 89.5, 81.0, 72.6, 64.4, 58.4, 53.8, 51.6, 51.1, 52.2, 50.8, 48.6, 48.2, 49.6, 53.4, 57.7, 61.6, 65.4, 69.5, 76.3, 76.7, 77.0, 76.0, 75.2, 63.0, 60.3, 59.8, 61.7, 62.6, 63.1, 60.1, 57.3, 57.1, 58.9, 59.8, 60.1, 89.8, 84.8, 82.3, 82.7, 81.7, 83.5, 87.1, 91.4, 93.2, 93.9, 94.0, 93.1, 89.6, 85.4, 85.2, 84.7, 87.3, 89.4, 90.0, 90.2, -116.5, -114.7, -111.1, -105.9, -97.1, -84.0, -68.0, -50.4, -32.2, -14.7, 1.6, 16.9, 29.2, 36.9, 40.4, 42.0, 42.4, -102.1, -92.5, -79.1, -65.4, -53.4, -30.3, -17.7, -4.3, 9.2, 19.6, -40.5, -39.9, -39.2, -38.5, -52.1, -44.7, -37.3, -30.1, -23.4, -85.8, -77.5, -67.8, -58.9, -67.5, -77.1, -20.8, -12.6, -3.4, 4.9, -2.4, -11.5, -64.3, -54.0, -43.3, -36.3, -28.4, -17.0, -5.7, -15.4, -25.8, -34.2, -41.9, -53.1, -59.6, -43.0, -35.9, -27.9, -9.9, -26.9, -35.2, -42.5, -65.1, -45.0, -24.8, -5.5, 11.5, 24.9, 33.4, 37.3, 37.1, 34.7, 28.8, 19.2, 5.1, -13.2, -33.9, -54.9, -76.1, -88.8, -98.8, -102.3, -101.8, -97.9, -100.1, -105.9, -107.8, -105.3, -97.1, -84.0, -73.6, -63.7, -53.7, -40.9, -39.6, -38.6, -40.8, -42.8, -75.9, -81.7, -82.2, -77.2, -75.3, -74.5, -80.1, -86.6, -87.0, -82.8, -80.2, -79.5, -11.7, -22.2, -27.1, -26.3, -28.3, -24.9, -17.4, -7.7, -3.8, -2.4, -2.2, -4.1, -12.2, -20.7, -21.0, -22.0, -17.0, -11.9, -10.6, -10.4, 499.9, 494.6, 490.2, 486.0, 479.0, 468.5, 453.8, 435.3, 427.6, 430.6, 442.6, 453.9, 462.1, 468.2, 472.5, 477.6, 483.9, 471.8, 466.5, 459.5, 451.6, 445.3, 441.3, 444.5, 448.6, 451.9, 453.8, 437.9, 428.5, 419.0, 409.6, 425.1, 420.3, 416.6, 418.3, 420.6, 461.7, 457.8, 455.3, 451.8, 452.7, 455.1, 446.0, 446.4, 446.4, 447.0, 443.6, 443.5, 440.2, 425.3, 417.5, 414.8, 415.0, 420.0, 430.4, 418.6, 411.6, 411.9, 414.3, 424.0, 437.5, 418.1, 415.4, 415.4, 429.1, 415.4, 415.5, 418.3, 0.440, -0.181, 0.140, -0.051, 106.281, 76.844, -9.938, -7.531, 8.966, 0.977, -10.222, -6.915, 5.328, 1.092, -1.011, -0.825, -1.126, 0.893, -1.337, -1.153, 0.176, -0.099, -0.311, -0.216, -0.864, -0.337, -0.066, 0.107, -0.239, 0.137, -0.106, 0.006, 0.112, 0.052, -0.028, 0.002, 0.021, -0.001, -0.001, -0.003, 1.59, 0.59, 0.37, 0.00, 1.82, 0.50, 0.77, 0.83, 0.87, 0.76, 0.00, 0.00, 0.00, 0.35, 1.92, 1.82, 0.52, 1.0, 1.0, 1.0, 0.0, 1.0, 1.0, 1.0, 1.0, 1.0, 1.0, 0.0, 0.0, 1.0, 1.0, 1.0, 1.0, 0.0, 1.0
18, 0, 2.217, 0.03, 0, 0.000000, 0.000000, 0.000000, 0.000000, 0.000000, 0.000000, 0.000, 0.000, 89.0, 89.8, 91.8, 94.0, 95.0, 94.4, 92.2, 90.0, 86.5, 87.6, 89.2, 91.5, 93.8, 95.7, 97.1, 95.7, 93.6, 91.5, 89.5, 87.7, 91.2, 92.2, 93.0, 93.4, 92.9, 92.0, 91.1, 90.8, 116.0, 116.7, 118.8, 121.1, 122.3, 121.6, 119.5, 117.0, 114.0, 115.3, 117.1, 119.5, 121.9, 123.8, 125.1, 124.0, 122.2, 120.1, 117.8, 115.6, 118.2, 119.3, 120.2, 120.5, 120.0, 118.9, 118.0, 117.7, 61.0, 58.8, 57.8, 58.4, 60.3, 62.6, 63.5, 62.9, 62.8, 61.3, 60.1, 59.4, 59.5, 60.4, 61.6, 62.2, 62.5, 62.8, 63.0, 63.1, 61.8, 62.0, 61.6, 60.6, 59.8, 59.5, 60.0, 60.9, 58.1, 55.9, 54.9, 55.6, 57.7, 59.9, 61.0, 60.5, 59.9, 58.4, 57.2, 56.6, 56.9, 57.8, 59.0, 59.6, 59.9, 60.1, 60.2, 60.3, 59.1, 59.4, 59.0, 58.0, 57.1, 56.8, 57.2, 58.2, -66.0, -64.8, -60.8, -56.4, -54.1, -55.0, -59.3, -63.7, -71.8, -69.3, -65.6, -61.0, -56.3, -52.6, -50.0, -52.6, -56.4, -60.7, -64.9, -68.8, -61.7, -59.7, -58.0, -57.5, -58.4, -60.4, -62.1, -62.7, -12.2, -11.0, -7.0, -2.6, -0.4, -1.7, -5.6, -10.2, -16.0, -13.6, -10.1, -5.6, -1.1, 2.5, 5.0, 2.8, -0.5, -4.5, -8.8, -12.9, -8.0, -6.1, -4.4, -3.8, -4.8, -6.7, -8.5, -9.0, -67.2, -71.6, -73.8, -72.4, -68.3, -63.5, -61.7, -63.1, -64.2, -66.9, -68.8, -70.0, -69.6, -68.1, -65.8, -64.2, -63.5, -62.9, -62.7, -63.0, -65.5, -64.9, -65.8, -67.8, -69.6, -70.2, -69.2, -67.3, -69.2, -73.7, -75.9, -74.5, -70.4, -65.9, -63.7, -64.7, -66.1, -68.8, -70.9, -72.0, -71.7, -70.6, -68.7, -66.9, -65.9, -65.3, -65.1, -65.1, -67.6, -67.0, -67.9, -69.9, -71.7, -72.3, -71.4, -69.4, 384.1, 385.5, 385.7, 384.7, 382.9, 381.6, 381.2, 382.3, 388.1, 385.9, 383.7, 382.3, 382.2, 382.8, 383.5, 381.8, 380.6, 380.6, 382.2, 384.9, 383.7, 383.2, 383.4, 384.0, 384.8, 385.2, 385.1, 384.5, 365.8, 367.4, 368.6, 368.5, 367.4, 365.7, 364.6, 364.7, 366.5, 365.7, 365.1, 365.3, 366.8, 369.3, 371.8, 368.5, 365.7, 364.0, 363.8, 364.9, 366.5, 366.5, 367.0, 367.7, 368.2, 368.2, 367.7, 367.0, -36.0, -40.7, 434.0, -0.127, 0.068, -0.063, 77.8, 78.3, 79.5, 81.3, 84.2, 88.7, 94.1, 100.3, 107.8, 115.7, 123.1, 129.5, 134.5, 137.5, 138.8, 139.5, 139.6, 80.2, 83.6, 88.8, 94.2, 99.2, 109.5, 115.3, 121.4, 127.4, 131.8, 104.7, 104.5, 104.3, 104.1, 98.5, 101.6, 104.9, 108.4, 111.7, 86.4, 89.6, 93.6, 97.2, 93.5, 89.5, 113.8, 117.5, 121.7, 125.3, 122.0, 117.9, 94.1, 97.9, 102.2, 105.3, 109.0, 114.3, 119.7, 114.8, 109.8, 105.9, 102.4, 98.0, 95.9, 102.4, 105.5, 109.3, 117.7, 109.5, 105.7, 102.5, 70.4, 78.2, 86.0, 93.6, 100.2, 105.4, 108.9, 110.8, 110.8, 109.6, 106.8, 102.4, 96.5, 89.0, 80.9, 72.7, 64.8, 58.8, 53.9, 51.5, 50.9, 51.9, 50.7, 48.6, 48.2, 49.7, 53.8, 57.4, 61.6, 65.8, 70.2, 76.7, 77.1, 77.4, 76.5, 75.6, 62.8, 60.0, 59.5, 61.6, 62.5, 63.1, 60.0, 57.1, 57.0, 59.0, 59.9, 60.2, 89.9, 85.5, 83.2, 83.5, 82.6, 84.2, 87.4, 91.0, 92.4, 93.0, 93.2, 92.5, 89.6, 86.1, 85.9, 85.4, 87.5, 88.7, 89.3, 89.4, -115.8, -113.3, -109.1, -103.5, -94.5, -81.4, -66.2, -49.7, -32.2, -15.0, 1.3, 16.5, 28.5, 36.0, 39.6, 41.6, 42.6, -103.5, -93.8, -80.0, -65.8, -53.3, -29.6, -16.5, -2.6, 11.4, 21.9, -40.1, -39.7, -39.3, -38.7, -52.5, -45.1, -37.7, -30.3, -23.5, -86.3, -78.0, -67.9, -59.0, -67.7, -77.7, -20.0, -11.5, -1.9, 6.4, -1.1, -10.5, -64.5, -54.1, -43.8, -36.8, -28.9, -17.8, -6.3, -16.5, -26.9, -35.3, -42.9, -53.6, -60.0, -43.5, -36.4, -28.4, -10.6, -27.8, -36.0, -43.2, -63.8, -43.1, -22.7, -3.6, 12.8, 25.0, 32.4, 35.3, 34.7, 32.4, 26.8, 17.4, 3.5, -14.4, -34.3, -54.6, -75.1, -88.6, -99.3, -103.3, -102.8, -98.7, -100.6, -106.2, -108.0, -105.3, -96.5, -84.8, -73.6, -63.0, -52.3, -40.2, -38.8, -37.7, -39.9, -42.0, -76.8, -82.9, -83.4, -78.0, -75.9, -75.1, -80.5, -87.3, -87.6, -83.0, -80.2, -79.6, -11.5, -20.9, -25.5, -24.6, -26.6, -23.4, -16.8, -8.7, -5.5, -4.2, -3.9, -5.4, -12.1, -19.3, -19.5, -20.6, -16.5, -13.5, -12.3, -12.1, 504.3, 498.9, 494.0, 488.9, 480.9, 469.5, 453.9, 435.4, 427.6, 431.0, 443.5, 454.8, 462.5, 468.0, 472.2, 477.4, 483.8, 476.4, 470.1, 462.2, 453.3, 445.7, 442.1, 445.4, 449.4, 452.8, 455.5, 439.3, 429.4, 419.4, 409.7, 426.4, 421.2, 417.3, 418.9, 421.2, 465.0, 461.1, 458.1, 454.2, 455.2, 458.1, 447.5, 448.3, 448.1, 448.8, 445.2, 445.3, 441.9, 427.6, 419.6, 416.9, 417.0, 421.7, 431.3, 419.7, 413.1, 413.3, 415.9, 425.7, 438.8, 420.1, 417.4, 417.4, 429.8, 416.9, 416.9, 419.9, 0.439, -0.188, 0.163, -0.049, 106.390, 76.856, -7.362, -3.218, 4.963, 2.201, -2.676, -0.458, -0.119, 0.301, -0.045, -0.058, 0.162, -0.464, -0.317, 0.122, 0.443, -0.513, 0.180, 0.039, -0.161, 0.068, -0.061, -0.179, -0.063, -0.217, -0.170, 0.058, -0.009, -0.026, 0.007, -0.001, 0.016, -0.000, 0.014, 0.011, 0.40, 0.00, 0.78, 0.00, 1.92, 0.00, 0.00, 0.00, 0.34, 2.00, 0.00, 0.48, 0.00, 3.85, 0.63, 0.45, 0.95, 1.0, 1.0, 1.0, 0.0, 1.0, 0.0, 0.0, 0.0, 0.0, 1.0, 1.0, 1.0, 0.0, 1.0, 1.0, 0.0, 1.0, 0.0
19, 0, 2.348, 0.03, 0, 0.000000, 0.000000, 0.000000, 0.000000, 0.000000, 0.000000, 0.000, 0.000, 89.0, 89.8, 91.8, 94.0, 95.0, 94.4, 92.2, 90.0, 86.5, 87.5, 89.2, 91.5, 93.9, 95.8, 97.2, 95.7, 93.6, 91.5, 89.4, 87.7, 91.2, 92.2, 93.1, 93.4, 93.0, 92.0, 91.1, 90.8, 116.3, 117.0, 119.1, 121.4, 122.6, 121.9, 119.7, 117.3, 114.2, 115.5, 117.4, 119.8, 122.2, 124.1, 125.5, 124.3, 122.5, 120.4, 118.0, 115.9, 118.5, 119.5, 120.5, 120.8, 120.3, 119.2, 118.3, 118.0, 60.8, 58.7, 57.6, 58.2, 60.2, 62.5, 63.4, 62.8, 62.6, 61.1, 59.9, 59.2, 59.4, 60.3, 61.6, 62.2, 62.4, 62.7, 62.9, 63.0, 61.7, 61.9, 61.5, 60.5, 59.7, 59.4, 59.9, 60.8, 58.2, 56.0, 55.0, 55.7, 57.8, 60.1, 61.1, 60.5, 60.0, 58.4, 57.3, 56.7, 57.0, 57.9, 59.2, 59.8, 60.1, 60.2, 60.3, 60.4, 59.2, 59.5, 59.1, 58.1, 57.2, 56.8, 57.3, 58.3, -65.4, -64.2, -60.2, -55.7, -53.5, -54.5, -58.8, -63.2, -71.2, -68.7, -65.0, -60.4, -55.7, -52.1, -49.4, -52.0, -55.9, -60.1, -64.3, -68.2, -61.1, -59.2, -57.4, -56.9, -57.8, -59.8, -61.5, -62.1, -11.6, -10.4, -6.4, -2.0, 0.1, -1.2, -5.1, -9.7, -15.4, -13.0, -9.6, -5.0, -0.6, 3.1, 5.6, 3.3, -0.0, -4.0, -8.3, -12.3, -7.5, -5.6, -3.8, -3.3, -4.2, -6.1, -7.9, -8.4, -66.8, -71.3, -73.4, -71.9, -67.8, -63.1, -61.3, -62.7, -63.9, -66.6, -68.5, -69.7, -69.3, -67.7, -65.3, -63.7, -63.1, -62.5, -62.3, -62.7, -65.1, -64.5, -65.4, -67.3, -69.2, -69.8, -68.9, -66.9, -68.5, -73.0, -75.1, -73.7, -69.5, -65.0, -62.9, -64.0, -65.4, -68.1, -70.2, -71.3, -70.9, -69.8, -67.8, -66.0, -65.0, -64.4, -64.3, -64.3, -66.8, -66.2, -67.1, -69.1, -70.9, -71.5, -70.6, -68.6, 380.4, 381.8, 382.0, 380.9, 379.2, 377.9, 377.6, 378.7, 384.6, 382.3, 380.1, 378.6, 378.5, 379.1, 379.8, 378.1, 376.9, 377.0, 378.6, 381.3, 380.1, 379.6, 379.7, 380.3, 381.0, 381.5, 381.4, 380.8, 362.5, 364.1, 365.2, 365.2, 364.0, 362.4, 361.3, 361.5, 363.2, 362.4, 361.8, 362.0, 363.5, 365.9, 368.3, 365.1, 362.3, 360.6, 360.5, 361.6, 363.2, 363.2, 363.6, 364.4, 364.9, 364.9, 364.4, 363.7, -35.6, -40.8, 431.9, -0.133, 0.068, -0.059, 77.6, 78.1, 79.3, 81.1, 84.2, 88.8, 94.3, 100.4, 108.0, 115.9, 123.4, 129.9, 134.9, 137.8, 139.2, 139.9, 140.1, 80.1, 83.7, 88.9, 94.4, 99.5, 109.7, 115.6, 121.7, 127.8, 132.3, 105.0, 104.7, 104.4, 104.2, 98.7, 101.8, 105.0, 108.5, 111.7, 86.3, 89.6, 93.7, 97.3, 93.5, 89.4, 114.0, 117.7, 121.9, 125.6, 122.3, 118.1, 94.3, 98.1, 102.3, 105.4, 108.9, 114.1, 119.5, 114.5, 109.6, 105.8, 102.4, 98.2, 96.1, 102.5, 105.6, 109.2, 117.4, 109.4, 105.7, 102.5, 70.2, 78.2, 86.1, 93.7, 100.3, 105.3, 108.5, 110.1, 110.1, 109.0, 106.3, 102.2, 96.4, 89.0, 81.0, 73.0, 65.2, 58.7, 53.7, 51.3, 50.7, 51.7, 50.6, 48.6, 48.3, 49.9, 54.1, 57.4, 61.6, 65.6, 70.0, 76.6, 77.0, 77.3, 76.4, 75.6, 62.7, 59.8, 59.4, 61.5, 62.5, 63.0, 60.0, 57.1, 57.0, 59.2, 60.1, 60.3, 89.8, 85.4, 83.1, 83.5, 82.6, 84.3, 87.5, 90.5, 91.7, 92.2, 92.3, 91.9, 89.4, 86.1, 85.9, 85.5, 87.5, 87.9, 88.5, 88.6, -116.6, -114.1, -109.7, -103.9, -94.6, -81.1, -65.6, -49.2, -31.8, -14.5, 2.0, 17.3, 29.4, 36.8, 40.5, 42.6, 43.7, -103.4, -93.5, -79.4, -65.2, -52.5, -29.0, -15.8, -1.8, 12.3, 22.8, -39.4, -39.1, -38.8, -38.3, -52.0, -44.7, -37.4, -30.0, -23.3, -86.1, -77.7, -67.6, -58.7, -67.4, -77.5, -19.4, -11.0, -1.3, 7.2, -0.4, -9.9, -63.7, -53.3, -43.3, -36.5, -28.9, -18.1, -6.7, -17.1, -27.2, -35.3, -42.6, -52.9, -59.2, -43.0, -36.1, -28.4, -11.1, -28.0, -35.9, -42.9, -64.3, -43.2, -22.5, -3.2, 13.0, 24.7, 31.3, 33.7, 33.0, 30.9, 25.6, 16.7, 3.2, -14.3, -33.9, -53.8, -74.0, -88.6, -99.3, -103.3, -102.8, -98.6, -100.4, -105.7, -107.4, -104.5, -95.5, -84.6, -73.5, -63.0, -52.4, -40.1, -38.8, -37.7, -39.8, -41.9, -76.9, -83.0, -83.5, -77.9, -75.8, -75.0, -80.1, -86.9, -87.2, -82.4, -79.6, -79.1, -11.8, -20.9, -25.4, -24.4, -26.4, -23.1, -16.6, -9.7, -7.1, -5.9, -5.7, -6.8, -12.5, -19.2, -19.3, -20.4, -16.4, -15.0, -13.9, -13.7, 505.1, 499.6, 494.5, 488.8, 480.2, 468.2, 452.0, 433.4, 425.9, 429.6, 442.5, 453.8, 461.6, 467.1, 471.5, 476.6, 483.0, 475.0, 468.7, 460.8, 451.7, 443.9, 440.3, 443.8, 448.0, 451.5, 454.4, 437.7, 427.8, 417.7, 407.9, 424.5, 419.5, 415.6, 417.0, 419.2, 463.4, 459.4, 456.3, 452.5, 453.4, 456.4, 446.1, 447.0, 446.8, 447.7, 443.8, 443.9, 439.1, 425.2, 417.6, 415.0, 415.1, 419.9, 429.4, 417.6, 411.0, 411.1, 413.6, 423.1, 436.0, 418.0, 415.4, 415.5, 427.6, 414.8, 414.7, 417.5, 0.440, -0.194, 0.163, -0.045, 106.491, 76.718, -0.558, -0.378, 1.444, 0.191, -1.406, 0.211, 0.040, 0.308, -0.173, -0.185, -0.129, -0.002, -0.114, 0.010, 0.089, -0.110, 0.024, -0.001, 0.035, 0.031, 0.029, 0.082, 0.063, 0.051, 0.020, 0.002, 0.005, 0.002, -0.002, -0.003, 0.002, -0.002, -0.001, 0.001, 2.66, 0.04, 0.33, 1.98, 0.86, 0.00, 0.00, 0.00, 0.05, 3.00, 0.44, 1.04, 0.00, 3.17, 0.44, 3.00, 0.39, 1.0, 1.0, 0.0, 1.0, 1.0, 0.0, 0.0, 0.0, 0.0, 1.0, 1.0, 1.0, 1.0, 1.0, 0.0, 0.0, 1.0, 0.0
20, 0, 2.478, 0.03, 0, 0.000000, 0.000000, 0.000000, 0.000000, 0.000000, 0.000000, 0.000, 0.000, 89.1, 89.8, 91.9, 94.0, 95.0, 94.4, 92.2, 90.1, 86.7, 87.7, 89.3, 91.4, 93.8, 95.7, 97.2, 95.7, 93.6, 91.5, 89.5, 87.8, 91.3, 92.2, 93.1, 93.4, 93.0, 92.1, 91.2, 90.8, 116.1, 116.8, 118.9, 121.3, 122.4, 121.7, 119.6, 117.1, 114.1, 115.3, 117.1, 119.6, 122.0, 124.0, 125.4, 124.2, 122.3, 120.2, 117.9, 115.7, 118.3, 119.4, 120.3, 120.6, 120.1, 119.1, 118.1, 117.8, 61.3, 59.2, 58.1, 58.7, 60.6, 62.9, 63.8, 63.2, 63.2, 61.6, 60.4, 59.6, 59.8, 60.6, 61.9, 62.6, 62.9, 63.2, 63.5, 63.6, 62.1, 62.4, 61.9, 61.0, 60.1, 59.9, 60.4, 61.3, 58.2, 56.0, 54.9, 55.6, 57.8, 60.0, 61.1, 60.5, 60.0, 58.4, 57.2, 56.6, 56.9, 57.8, 59.1, 59.7, 60.0, 60.2, 60.3, 60.4, 59.2, 59.5, 59.0, 58.0, 57.1, 56.8, 57.2, 58.2, -65.7, -64.5, -60.5, -56.1, -53.9, -54.8, -59.1, -63.5, -71.2, -68.9, -65.3, -60.8, -56.1, -52.4, -49.7, -52.4, -56.2, -60.5, -64.6, -68.4, -61.4, -59.4, -57.7, -57.1, -58.1, -60.0, -61.8, -62.3, -11.9, -10.7, -6.7, -2.3, -0.2, -1.4, -5.4, -10.0, -15.7, -13.4, -9.9, -5.4, -0.9, 2.8, 5.5, 3.1, -0.3, -4.3, -8.6, -12.6, -7.7, -5.8, -4.1, -3.5, -4.5, -6.4, -8.1, -8.7, -66.2, -70.7, -72.8, -71.4, -67.4, -62.7, -60.8, -62.2, -63.2, -66.0, -68.0, -69.3, -68.9, -67.3, -64.8, -63.2, -62.5, -61.9, -61.7, -62.0, -64.6, -64.0, -64.9, -66.9, -68.6, -69.2, -68.3, -66.4, -68.4, -72.9, -75.1, -73.7, -69.5, -65.0, -62.9, -63.9, -65.3, -68.0, -70.2, -71.3, -71.0, -69.8, -67.8, -66.0, -64.9, -64.3, -64.1, -64.2, -66.8, -66.1, -67.1, -69.0, -70.9, -71.5, -70.5, -68.6, 383.0, 384.4, 384.4, 383.1, 381.2, 380.0, 379.8, 381.2, 387.4, 385.1, 382.7, 381.1, 380.7, 381.1, 381.6, 380.0, 379.0, 379.3, 381.1, 384.0, 382.4, 381.9, 381.9, 382.5, 383.3, 383.9, 383.9, 383.3, 361.9, 363.5, 364.5, 364.3, 363.1, 361.5, 360.5, 360.9, 362.8, 361.9, 361.2, 361.2, 362.6, 364.9, 367.2, 364.1, 361.4, 359.9, 359.8, 361.1, 362.5, 362.4, 362.8, 363.5, 364.1, 364.1, 363.7, 363.0, -35.8, -40.4, 432.5, -0.145, 0.125, -0.070, 79.1, 79.7, 81.1, 82.9, 85.9, 90.3, 95.4, 100.9, 108.2, 116.2, 123.9, 130.6, 135.6, 138.5, 139.8, 140.5, 140.8, 80.5, 83.9, 88.9, 94.2, 99.1, 109.3, 115.2, 121.5, 127.7, 132.2, 104.6, 104.1, 103.6, 103.2, 98.3, 101.2, 104.3, 107.8, 111.0, 86.6, 89.6, 93.7, 97.2, 93.5, 89.5, 113.9, 117.5, 121.8, 125.5, 122.1, 117.9, 94.6, 98.0, 101.9, 104.8, 108.2, 113.4, 118.9, 113.8, 108.9, 105.1, 101.9, 98.1, 96.2, 102.1, 105.0, 108.6, 116.8, 108.7, 105.1, 102.1, 71.5, 79.5, 87.6, 95.1, 101.5, 106.1, 108.9, 110.1, 109.8, 108.5, 105.7, 101.5, 95.7, 88.3, 80.4, 72.6, 64.8, 59.5, 54.4, 51.8, 51.0, 51.9, 50.6, 48.6, 48.2, 49.7, 53.8, 57.5, 61.7, 65.7, 70.0, 77.0, 77.3, 77.5, 76.6, 75.7, 63.3, 60.3, 59.7, 61.9, 63.0, 63.6, 60.1, 57.1, 56.9, 59.1, 60.1, 60.3, 90.4, 86.1, 83.7, 84.0, 83.1, 84.7, 87.7, 90.5, 91.6, 92.2, 92.4, 92.2, 90.0, 86.6, 86.4, 85.9, 87.8, 87.9, 88.5, 88.7, -113.7, -110.8, -106.1, -100.1, -90.7, -77.6, -63.0, -48.0, -31.3, -13.9, 3.1, 18.8, 30.7, 37.9, 41.4, 43.7, 44.9, -103.4, -93.8, -80.0, -66.1, -53.6, -30.0, -16.6, -2.4, 11.9, 22.6, -40.4, -40.5, -40.6, -40.5, -53.0, -46.0, -38.9, -31.5, -24.8, -86.1, -78.0, -67.9, -59.1, -67.8, -77.9, -19.7, -11.4, -1.6, 6.9, -0.8, -10.4, -63.1, -53.7, -44.4, -37.8, -30.5, -19.5, -7.8, -18.6, -28.8, -36.6, -43.7, -53.2, -58.9, -43.9, -37.3, -29.7, -12.4, -29.5, -37.1, -43.8, -61.6, -40.0, -19.0, 0.3, 16.0, 26.8, 32.3, 33.6, 32.2, 29.7, 24.2, 15.1, 1.5, -15.8, -34.9, -54.3, -74.1, -87.5, -98.6, -103.0, -102.6, -98.7, -100.5, -105.8, -107.4, -104.7, -95.7, -84.5, -73.4, -62.9, -52.4, -39.4, -38.3, -37.3, -39.4, -41.6, -76.0, -82.4, -83.1, -77.3, -75.0, -74.0, -79.9, -87.0, -87.2, -82.3, -79.4, -78.9, -10.3, -19.5, -24.3, -23.4, -25.4, -22.2, -16.0, -9.6, -7.1, -5.9, -5.5, -6.1, -11.1, -18.0, -18.3, -19.4, -15.8, -15.1, -13.9, -13.5, 509.8, 504.0, 498.5, 492.0, 482.2, 468.9, 451.8, 432.8, 424.4, 427.1, 439.0, 449.5, 456.5, 461.6, 466.0, 471.3, 477.9, 479.3, 472.6, 464.0, 454.1, 445.5, 440.9, 443.6, 447.0, 449.5, 451.6, 438.6, 428.7, 418.4, 408.5, 425.5, 420.3, 416.0, 416.9, 418.5, 466.6, 462.2, 458.5, 454.2, 455.5, 459.2, 445.7, 446.1, 445.4, 445.8, 442.3, 442.9, 439.6, 425.9, 418.1, 415.2, 415.0, 418.7, 426.9, 416.2, 410.6, 411.1, 414.0, 423.6, 436.1, 418.3, 415.5, 415.2, 425.4, 414.3, 414.6, 417.7, 0.440, -0.206, 0.230, -0.054, 106.479, 76.939, -1.763, 2.498, -2.123, 0.756, 1.398, 0.965, -0.618, -0.626, 0.422, 0.443, 0.534, 0.052, 0.200, 0.008, -0.436, 0.071, 0.135, -0.247, 0.042, 0.021, 0.080, -0.095, -0.018, 0.099, 0.013, -0.078, 0.012, -0.006, -0.001, 0.006, -0.002, 0.001, 0.002, -0.002, 1.52, 0.63, 0.00, 1.07, 0.76, 0.00, 0.00, 0.02, 0.01, 1.81, 0.79, 1.08, 0.77, 0.80, 0.18, 0.49, 0.08, 1.0, 1.0, 0.0, 1.0, 0.0, 0.0, 0.0, 0.0, 0.0, 1.0, 1.0, 1.0, 1.0, 1.0, 0.0, 0.0, 1.0, 0.0
21, 0, 2.609, 0.03, 0, 0.000000, 0.000000, 0.000000, 0.000000, 0.000000, 0.000000, 0.000, 0.000, 89.0, 89.7, 91.7, 93.8, 94.9, 94.3, 92.2, 90.0, 86.5, 87.6, 89.2, 91.4, 93.7, 95.6, 97.0, 95.6, 93.6, 91.5, 89.5, 87.8, 91.2, 92.1, 93.0, 93.3, 92.8, 91.9, 91.0, 90.7, 115.4, 116.0, 118.1, 120.3, 121.4, 120.8, 118.8, 116.4, 113.4, 114.6, 116.4, 118.7, 121.1, 122.9, 124.3, 123.1, 121.4, 119.3, 117.1, 115.0, 117.5, 118.5, 119.4, 119.7, 119.2, 118.2, 117.3, 117.0, 63.1, 61.0, 59.9, 60.5, 62.4, 64.6, 65.5, 65.0, 64.8, 63.3, 62.2, 61.4, 61.6, 62.4, 63.7, 64.3, 64.6, 64.9, 65.2, 65.2, 63.8, 64.1, 63.6, 62.7, 61.9, 61.6, 62.1, 63.0, 60.2, 58.0, 57.0, 57.7, 59.7, 61.9, 62.9, 62.4, 61.9, 60.4, 59.2, 58.6, 58.9, 59.7, 61.0, 61.6, 61.9, 62.1, 62.2, 62.3, 61.1, 61.4, 60.9, 60.0, 59.1, 58.8, 59.2, 60.2, -67.4, -66.2, -62.2, -57.8, -55.5, -56.4, -60.6, -65.1, -73.2, -70.7, -66.9, -62.3, -57.7, -54.0, -51.4, -54.0, -57.7, -62.0, -66.2, -70.1, -63.0, -61.1, -59.4, -58.9, -59.9, -61.8, -63.5, -64.1, -13.8, -12.6, -8.6, -4.3, -2.1, -3.3, -7.2, -11.8, -17.5, -15.2, -11.8, -7.2, -2.8, 0.9, 3.5, 1.2, -2.1, -6.1, -10.3, -14.4, -9.6, -7.7, -6.0, -5.4, -6.4, -8.3, -10.0, -10.6, -64.3, -68.8, -71.0, -69.6, -65.5, -60.8, -58.9, -60.2, -61.4, -64.1, -66.0, -67.3, -66.9, -65.4, -63.0, -61.4, -60.6, -60.0, -59.8, -60.1, -62.7, -62.1, -63.1, -65.0, -66.8, -67.4, -66.4, -64.5, -67.2, -71.7, -73.9, -72.5, -68.4, -63.9, -61.7, -62.7, -64.0, -66.8, -68.9, -70.1, -69.8, -68.7, -66.7, -64.9, -63.8, -63.1, -62.9, -63.0, -65.6, -65.0, -65.9, -67.9, -69.7, -70.3, -69.3, -67.4, 391.9, 393.2, 393.4, 392.5, 390.9, 389.7, 389.3, 390.3, 395.9, 393.7, 391.5, 390.1, 390.1, 390.8, 391.6, 389.9, 388.6, 388.6, 390.1, 392.8, 391.6, 391.2, 391.3, 391.9, 392.6, 393.0, 392.9, 392.3, 375.6, 377.1, 378.2, 378.1, 377.0, 375.5, 374.4, 374.6, 376.3, 375.5, 374.8, 375.0, 376.5, 378.9, 381.3, 378.1, 375.4, 373.7, 373.6, 374.7, 376.2, 376.2, 376.7, 377.4, 377.9, 377.9, 377.4, 376.7, -38.5, -41.1, 457.4, -0.126, 0.043, -0.069, 77.6, 78.1, 79.4, 81.2, 84.3, 88.9, 94.4, 100.6, 107.7, 115.0, 121.9, 128.2, 133.2, 136.2, 137.6, 138.3, 138.5, 80.3, 83.9, 88.9, 94.2, 99.0, 109.1, 114.6, 120.4, 126.2, 130.7, 104.4, 104.4, 104.3, 104.3, 99.0, 102.0, 105.0, 108.2, 111.2, 86.4, 89.5, 93.5, 97.0, 93.5, 89.5, 113.3, 116.7, 120.8, 124.4, 121.3, 117.2, 95.0, 98.8, 102.7, 105.5, 108.7, 113.4, 118.4, 113.9, 109.5, 106.0, 102.9, 98.9, 96.8, 102.8, 105.7, 108.9, 116.5, 109.1, 105.7, 102.8, 71.8, 79.0, 86.3, 93.2, 99.2, 103.8, 106.7, 108.3, 108.2, 107.3, 105.0, 101.5, 96.3, 89.5, 81.8, 74.1, 66.5, 60.6, 56.1, 54.0, 53.5, 54.3, 53.0, 51.0, 50.6, 51.9, 55.5, 59.7, 63.6, 67.4, 71.5, 77.8, 78.1, 78.4, 77.5, 76.7, 64.9, 62.1, 61.6, 63.6, 64.7, 65.2, 61.9, 59.1, 58.9, 60.9, 62.0, 62.2, 90.1, 86.1, 83.9, 84.3, 83.4, 84.9, 87.8, 90.3, 91.3, 91.8, 92.0, 91.8, 89.8, 86.7, 86.6, 86.1, 87.8, 87.8, 88.3, 88.4, -122.0, -119.2, -114.7, -108.7, -99.2, -85.2, -69.0, -51.9, -34.5, -17.6, -1.5, 14.1, 26.9, 34.9, 38.8, 41.0, 42.0, -108.3, -97.8, -83.7, -69.3, -56.6, -32.1, -19.0, -5.1, 9.1, 20.3, -42.9, -42.2, -41.5, -40.8, -54.4, -47.1, -39.7, -32.6, -25.9, -90.7, -82.1, -71.7, -62.6, -71.4, -81.7, -22.3, -14.1, -4.1, 4.6, -3.0, -12.7, -65.6, -55.0, -45.2, -38.6, -31.4, -20.8, -9.6, -19.6, -29.3, -37.1, -44.3, -54.4, -61.0, -44.9, -38.2, -30.8, -14.0, -30.5, -38.0, -44.9, -63.0, -42.9, -23.2, -4.7, 11.0, 22.4, 28.8, 31.4, 30.7, 28.8, 24.1, 16.1, 3.2, -14.1, -33.9, -54.3, -75.1, -88.3, -98.5, -102.1, -101.7, -98.1, -100.5, -106.0, -108.1, -105.8, -97.5, -84.0, -73.2, -62.9, -52.6, -39.9, -38.6, -37.8, -39.8, -41.9, -75.7, -82.0, -82.7, -77.0, -74.6, -73.7, -80.2, -87.4, -87.8, -83.1, -79.9, -79.1, -11.6, -20.6, -25.2, -24.4, -26.4, -23.1, -16.9, -10.8, -8.3, -7.1, -6.8, -7.5, -12.4, -18.9, -19.1, -20.2, -16.8, -16.4, -15.2, -15.0, 528.8, 523.1, 518.1, 512.9, 505.1, 493.8, 478.3, 460.7, 453.6, 457.5, 470.5, 482.3, 490.7, 496.7, 501.6, 506.9, 513.1, 499.5, 493.0, 485.3, 476.5, 468.9, 465.4, 469.3, 474.0, 477.9, 481.0, 463.1, 453.9, 444.2, 434.9, 450.3, 446.0, 442.7, 444.1, 446.0, 489.0, 484.8, 481.8, 478.1, 478.9, 481.8, 472.0, 473.1, 473.4, 474.7, 470.4, 470.1, 464.1, 450.8, 443.8, 441.5, 441.6, 446.6, 456.0, 444.5, 437.8, 438.0, 440.3, 449.3, 460.9, 444.3, 441.9, 441.9, 454.1, 441.3, 441.3, 443.9, 0.415, -0.184, 0.132, -0.056, 106.118, 77.589, 3.709, -7.402, -3.116, -4.137, 2.580, -1.006, -0.276, 1.358, 0.238, -0.722, 0.317, 0.656, -0.276, -0.388, -0.306, 0.186, 0.091, -0.157, -0.049, -0.290, -0.031, 0.011, -0.055, -0.002, 0.023, 0.063, 0.019, 0.014, 0.004, 0.009, 0.010, -0.002, 0.008, -0.008, 1.56, 1.38, 1.75, 2.70, 1.18, 0.30, 0.00, 0.00, 0.63, 0.67, 0.00, 1.69, 0.00, 0.35, 0.34, 0.75, 0.64, 1.0, 1.0, 1.0, 1.0, 0.0, 0.0, 0.0, 0.0, 0.0, 0.0, 0.0, 1.0, 1.0, 0.0, 0.0, 1.0, 1.0, 0.0
22, 0, 2.739, 0.03, 0, 0.000000, 0.000000, 0.000000, 0.000000, 0.000000, 0.000000, 0.000, 0.000, 90.6, 91.2, 93.0, 95.1, 96.2, 95.7, 93.7, 91.6, 88.2, 89.2, 90.7, 92.8, 95.1, 96.9, 98.2, 96.9, 95.0, 93.0, 91.1, 89.4, 92.6, 93.6, 94.4, 94.6, 94.2, 93.3, 92.4, 92.2, 115.8, 116.3, 118.3, 120.4, 121.5, 121.0, 119.1, 116.8, 114.0, 115.1, 116.8, 119.0, 121.2, 122.9, 124.2, 123.1, 121.5, 119.6, 117.5, 115.5, 117.8, 118.8, 119.6, 119.9, 119.4, 118.4, 117.6, 117.4, 62.9, 60.9, 59.8, 60.3, 62.1, 64.2, 65.1, 64.7, 64.8, 63.3, 62.1, 61.3, 61.4, 62.1, 63.3, 63.9, 64.2, 64.5, 64.8, 65.0, 63.6, 63.8, 63.3, 62.5, 61.7, 61.5, 62.0, 62.8, 59.7, 57.7, 56.7, 57.4, 59.2, 61.3, 62.2, 61.8, 61.3, 59.9, 58.8, 58.2, 58.5, 59.3, 60.5, 61.0, 61.3, 61.4, 61.5, 61.7, 60.6, 60.8, 60.4, 59.5, 58.7, 58.4, 58.8, 59.7, -66.8, -65.9, -62.0, -57.5, -55.0, -55.7, -59.9, -64.4, -72.6, -70.1, -66.4, -61.9, -57.2, -53.5, -50.8, -53.3, -57.1, -61.3, -65.5, -69.4, -62.5, -60.5, -58.8, -58.4, -59.4, -61.4, -63.1, -63.5, -13.6, -12.6, -8.7, -4.3, -2.0, -3.1, -7.0, -11.6, -17.4, -15.0, -11.6, -7.1, -2.7, 0.9, 3.4, 1.3, -1.9, -5.8, -10.1, -14.2, -9.5, -7.6, -5.9, -5.4, -6.4, -8.3, -10.0, -10.5, -67.2, -71.7, -74.0, -72.8, -68.8, -64.1, -62.1, -63.2, -63.9, -66.6, -68.8, -70.2, -70.1, -68.7, -66.4, -64.9, -64.1, -63.3, -62.9, -62.9, -65.7, -65.2, -66.2, -68.1, -69.9, -70.4, -69.4, -67.4, -71.7, -76.2, -78.4, -77.1, -73.0, -68.5, -66.3, -67.3, -68.5, -71.2, -73.4, -74.7, -74.4, -73.2, -71.2, -69.5, -68.5, -67.9, -67.7, -67.6, -70.1, -69.5, -70.5, -72.4, -74.2, -74.8, -73.8, -71.9, 407.5, 409.1, 409.6, 408.6, 406.9, 405.4, 404.8, 405.7, 411.3, 409.2, 407.2, 406.0, 406.1, 406.8, 407.6, 405.8, 404.3, 404.2, 405.6, 408.2, 407.3, 406.9, 407.1, 407.8, 408.6, 409.0, 408.8, 408.1, 395.4, 397.3, 398.6, 398.6, 397.3, 395.5, 394.2, 394.2, 395.9, 395.2, 394.8, 395.2, 396.8, 399.3, 401.7, 398.3, 395.4, 393.6, 393.3, 394.4, 396.1, 396.1, 396.7, 397.5, 398.1, 398.1, 397.5, 396.7, -37.1, -45.3, 473.0, -0.213, 0.016, -0.092, 79.0, 79.7, 81.1, 83.0, 86.0, 90.6, 96.1, 102.3, 109.4, 116.4, 122.8, 128.5, 132.8, 135.4, 136.5, 136.9, 136.8, 82.0, 85.3, 90.3, 95.6, 100.4, 109.8, 115.0, 120.5, 126.0, 130.2, 105.6, 105.8, 105.9, 106.0, 100.7, 103.6, 106.7, 109.8, 112.6, 88.0, 91.0, 94.9, 98.3, 94.9, 91.1, 113.8, 117.1, 120.9, 124.3, 121.4, 117.6, 96.6, 100.4, 104.4, 107.2, 110.4, 114.9, 119.5, 115.4, 111.2, 107.8, 104.7, 100.6, 98.3, 104.5, 107.4, 110.6, 117.7, 110.8, 107.5, 104.6, 73.2, 80.0, 86.9, 93.5, 99.1, 103.1, 105.5, 106.3, 105.9, 105.1, 103.2, 100.1, 95.2, 88.7, 81.5, 74.3, 67.2, 61.6, 56.8, 54.4, 53.5, 54.0, 52.7, 50.9, 50.7, 52.2, 55.9, 58.8, 62.3, 65.7, 69.3, 76.0, 76.1, 76.2, 75.4, 74.7, 64.8, 62.0, 61.4, 63.2, 64.2, 64.9, 61.4, 58.7, 58.5, 60.5, 61.3, 61.5, 88.4, 84.0, 81.7, 81.9, 81.1, 82.7, 85.7, 87.9, 88.7, 89.2, 89.4, 89.5, 88.0, 84.4, 84.1, 83.6, 85.7, 85.5, 86.0, 86.2, -121.3, -117.8, -112.7, -106.2, -96.3, -82.3, -66.0, -48.7, -31.2, -14.6, 0.8, 15.2, 26.9, 34.0, 37.3, 38.9, 39.3, -107.6, -97.8, -83.5, -68.9, -55.7, -31.9, -18.9, -5.0, 9.1, 19.9, -42.0, -40.7, -39.5, -38.2, -52.3, -44.7, -37.2, -30.1, -23.5, -89.6, -81.3, -71.0, -61.7, -70.4, -80.6, -22.1, -13.8, -4.0, 4.6, -2.7, -12.3, -63.5, -52.7, -42.7, -35.9, -28.5, -18.0, -7.2, -16.7, -26.2, -34.1, -41.4, -51.8, -58.9, -42.4, -35.5, -27.9, -11.5, -27.5, -35.1, -42.2, -60.9, -41.3, -22.0, -4.1, 10.7, 21.0, 26.1, 27.2, 25.9, 24.3, 20.4, 12.9, 0.4, -16.5, -35.9, -55.9, -76.2, -88.8, -100.4, -105.4, -106.2, -103.3, -106.2, -111.8, -113.6, -110.7, -101.5, -89.9, -79.5, -69.6, -59.7, -45.6, -44.8, -44.2, -46.3, -48.3, -78.4, -85.2, -86.3, -81.1, -78.7, -77.3, -85.2, -92.4, -92.9, -88.1, -85.3, -84.5, -16.2, -26.2, -31.3, -30.6, -32.7, -29.2, -22.4, -16.8, -14.7, -13.4, -12.9, -13.0, -17.2, -25.0, -25.5, -26.7, -22.4, -22.3, -21.1, -20.6, 543.1, 536.0, 529.6, 523.0, 514.0, 502.0, 486.4, 468.7, 462.4, 467.4, 482.0, 495.4, 505.6, 513.4, 519.8, 526.5, 534.5, 517.0, 512.1, 505.5, 497.5, 490.3, 488.6, 493.3, 498.7, 502.8, 505.6, 484.0, 473.4, 462.5, 451.9, 466.1, 461.6, 458.3, 460.5, 463.3, 505.8, 502.8, 500.5, 496.8, 497.0, 499.2, 493.3, 495.3, 496.0, 497.0, 492.4, 491.7, 476.8, 464.6, 458.5, 456.4, 457.2, 462.3, 471.8, 458.9, 451.5, 451.0, 452.9, 461.5, 473.9, 458.3, 456.3, 457.0, 469.6, 455.8, 455.1, 457.4, 0.401, -0.279, 0.091, -0.073, 107.248, 76.505, 1.103, -4.576, -0.888, -0.154, -0.531, 1.132, 0.087, 0.747, 0.193, 0.006, -0.167, 0.081, -0.195, -0.099, 0.096, -0.038, 0.022, -0.030, 0.043, -0.148, -0.019, 0.082, 0.028, 0.035, -0.013, -0.016, -0.019, -0.002, -0.002, -0.003, 0.000, 0.002, -0.000, 0.001, 2.64, 0.51, 0.00, 1.02, 1.34, 0.52, 0.60, 0.00, 0.55, 0.00, 0.00, 0.65, 0.61, 1.23, 0.29, 0.00, 0.00, 1.0, 1.0, 0.0, 0.0, 1.0, 0.0, 1.0, 0.0, 1.0, 0.0, 1.0, 1.0, 1.0, 1.0, 1.0, 0.0, 1.0, 0.0
23, 0, 2.870, 0.03, 0, 0.000000, 0.000000, 0.000000, 0.000000, 0.000000, 0.000000, 0.000, 0.000, 90.6, 91.2, 93.1, 95.2, 96.2, 95.7, 93.6, 91.6, 88.2, 89.2, 90.8, 92.9, 95.1, 96.8, 98.2, 96.8, 95.0, 93.0, 91.1, 89.4, 92.6, 93.5, 94.4, 94.6, 94.2, 93.3, 92.5, 92.2, 115.7, 116.3, 118.2, 120.3, 121.4, 120.8, 118.8, 116.6, 113.9, 115.0, 116.7, 118.9, 121.1, 122.8, 123.9, 122.9, 121.3, 119.4, 117.3, 115.4, 117.7, 118.6, 119.5, 119.7, 119.3, 118.4, 117.5, 117.3, 62.5, 60.5, 59.5, 60.0, 61.8, 63.9, 64.7, 64.2, 64.3, 62.8, 61.7, 61.0, 61.1, 61.9, 63.0, 63.5, 63.8, 64.1, 64.3, 64.5, 63.2, 63.4, 63.0, 62.1, 61.4, 61.1, 61.6, 62.4, 60.0, 58.1, 57.2, 57.9, 59.8, 61.7, 62.6, 62.1, 61.6, 60.2, 59.2, 58.7, 59.0, 59.9, 61.1, 61.6, 61.7, 61.8, 61.8, 61.9, 60.9, 61.2, 60.8, 60.0, 59.2, 58.9, 59.2, 60.1, -67.7, -66.6, -62.7, -58.2, -55.8, -56.6, -60.8, -65.3, -73.5, -71.0, -67.2, -62.7, -58.0, -54.4, -51.7, -54.2, -58.0, -62.2, -66.4, -70.4, -63.3, -61.4, -59.7, -59.2, -60.2, -62.2, -63.9, -64.4, -14.0, -12.8, -8.9, -4.5, -2.3, -3.6, -7.5, -12.1, -17.9, -15.4, -11.9, -7.4, -3.0, 0.6, 3.0, 0.8, -2.4, -6.3, -10.6, -14.7, -9.9, -8.0, -6.3, -5.7, -6.7, -8.6, -10.3, -10.9, -69.1, -73.5, -75.7, -74.4, -70.4, -65.7, -63.8, -65.1, -65.8, -68.5, -70.6, -72.0, -71.7, -70.2, -67.9, -66.5, -65.8, -65.1, -64.8, -64.8, -67.5, -66.9, -67.9, -69.8, -71.6, -72.1, -71.1, -69.2, -72.4, -76.8, -78.9, -77.4, -73.2, -68.8, -66.8, -67.9, -69.2, -71.9, -74.0, -75.1, -74.6, -73.3, -71.1, -69.6, -68.8, -68.4, -68.3, -68.3, -70.6, -69.9, -70.8, -72.8, -74.6, -75.2, -74.3, -72.4, 413.2, 414.8, 415.4, 414.4, 412.6, 411.0, 410.4, 411.3, 416.8, 414.8, 412.8, 411.7, 411.8, 412.5, 413.3, 411.4, 409.9, 409.8, 411.2, 413.7, 412.9, 412.5, 412.7, 413.5, 414.3, 414.7, 414.5, 413.7, 402.6, 404.5, 405.8, 405.8, 404.4, 402.5, 401.1, 401.3, 403.0, 402.4, 402.0, 402.3, 403.9, 406.3, 408.7, 405.3, 402.4, 400.6, 400.4, 401.4, 403.2, 403.2, 403.8, 404.6, 405.2, 405.2, 404.7, 403.8, -38.4, -46.5, 477.1, -0.250, 0.006, -0.075, 78.6, 79.2, 80.5, 82.2, 85.2, 89.7, 95.2, 101.3, 108.4, 115.5, 121.9, 127.5, 131.8, 134.4, 135.5, 136.1, 136.1, 82.0, 85.5, 90.5, 95.7, 100.6, 110.1, 115.3, 120.7, 126.1, 130.0, 105.8, 105.8, 105.8, 105.9, 100.4, 103.3, 106.3, 109.4, 112.2, 88.0, 91.1, 94.9, 98.2, 94.9, 91.1, 113.7, 117.0, 120.8, 124.1, 121.2, 117.5, 95.9, 99.9, 103.9, 106.6, 109.8, 114.2, 118.7, 114.6, 110.4, 107.0, 104.0, 99.9, 97.6, 104.0, 106.8, 110.0, 116.9, 110.1, 106.8, 104.0, 73.2, 80.0, 86.9, 93.4, 98.8, 102.7, 104.7, 105.3, 105.0, 104.4, 102.7, 99.8, 95.1, 88.9, 82.0, 75.1, 68.4, 61.3, 56.6, 54.2, 53.3, 53.8, 52.9, 51.4, 51.4, 53.1, 57.0, 58.7, 61.9, 65.1, 68.5, 75.2, 75.3, 75.5, 74.8, 74.2, 64.3, 61.6, 61.1, 62.9, 63.8, 64.4, 61.6, 59.1, 59.1, 61.1, 61.7, 61.8, 87.6, 83.2, 80.9, 81.2, 80.4, 82.2, 85.5, 87.3, 87.9, 88.3, 88.5, 88.5, 87.1, 83.5, 83.3, 83.0, 85.4, 84.7, 85.1, 85.4, -123.7, -120.3, -115.3, -108.9, -99.0, -84.8, -68.4, -51.1, -33.7, -17.0, -1.6, 12.9, 24.4, 31.5, 35.0, 37.0, 37.8, -108.7, -98.5, -84.1, -69.2, -55.9, -31.7, -18.5, -4.6, 9.4, 19.7, -42.1, -41.1, -40.1, -38.9, -53.5, -45.9, -38.5, -31.3, -24.7, -90.4, -81.9, -71.7, -62.6, -71.3, -81.4, -22.6, -14.2, -4.4, 4.1, -3.3, -12.9, -65.5, -54.5, -44.3, -37.5, -30.1, -19.8, -9.3, -18.8, -28.2, -36.1, -43.4, -53.8, -61.0, -44.0, -37.1, -29.5, -13.6, -29.2, -36.9, -43.9, -61.6, -41.6, -22.2, -4.3, 10.1, 19.9, 24.4, 25.0, 23.8, 22.6, 19.3, 12.3, 0.3, -16.2, -35.0, -54.2, -73.7, -90.3, -102.1, -107.3, -108.0, -105.1, -107.2, -112.1, -113.2, -109.7, -100.0, -91.4, -81.4, -71.9, -62.3, -47.9, -47.1, -46.4, -48.2, -50.0, -80.4, -87.1, -88.0, -82.7, -80.5, -79.3, -85.7, -92.5, -92.7, -87.6, -85.2, -84.8, -18.3, -28.4, -33.5, -32.7, -34.5, -30.6, -23.2, -18.3, -16.7, -15.7, -15.3, -15.4, -19.3, -27.3, -27.6, -28.5, -23.3, -24.2, -23.2, -22.8, 548.7, 541.0, 534.0, 526.4, 516.3, 503.6, 487.5, 469.9, 463.8, 469.3, 484.2, 497.8, 508.2, 516.2, 523.1, 530.4, 539.1, 522.2, 517.8, 511.6, 503.8, 496.5, 495.3, 500.4, 505.7, 509.7, 512.1, 489.8, 479.0, 467.8, 456.9, 470.3, 465.9, 462.6, 464.8, 467.7, 510.5, 507.9, 505.7, 502.1, 501.9, 504.0, 499.2, 501.5, 502.1, 503.1, 498.4, 497.6, 479.8, 468.2, 462.3, 460.3, 461.3, 466.3, 475.5, 462.5, 454.9, 454.2, 456.0, 464.5, 477.1, 461.9, 460.0, 460.9, 473.3, 459.5, 458.6, 460.7, 0.398, -0.318, 0.083, -0.053, 106.825, 76.208, 1.251, -0.015, -0.997, -1.643, -0.324, 0.741, -0.416, -0.402, 0.835, 0.151, -0.071, 0.173, 0.228, -0.154, 0.147, -0.105, 0.082, -0.195, 0.007, -0.163, 0.119, -0.010, -0.090, 0.014, 0.030, 0.021, -0.032, 0.006, -0.000, -0.001, -0.001, -0.001, -0.002, 0.002, 0.38, 0.00, 0.42, 0.52, 0.92, 0.18, 0.65, 0.00, 0.22, 0.00, 0.03, 0.00, 0.27, 0.00, 0.40, 0.37, 0.04, 0.0, 1.0, 1.0, 0.0, 0.0, 0.0, 1.0, 0.0, 0.0, 0.0, 1.0, 0.0, 1.0, 0.0, 1.0, 0.0, 1.0, 0.0
33, 0, 4.174, 0.82, 1, -0.059168, 0.157470, -0.985750, -0.261503, 0.146444, -0.954028, -0.164, 0.155, 174.0, 175.0, 177.9, 181.2, 182.8, 182.0, 178.8, 175.6, 169.5, 171.6, 174.5, 177.9, 181.3, 183.8, 185.6, 183.9, 181.2, 178.1, 174.9, 171.9, 177.1, 178.5, 179.8, 180.2, 179.5, 178.1, 176.8, 176.4, 213.0, 213.6, 216.3, 219.5, 221.3, 220.6, 218.0, 214.6, 210.2, 212.0, 214.6, 217.8, 220.8, 223.1, 224.6, 223.5, 221.5, 218.9, 215.8, 212.6, 215.9, 217.3, 218.5, 218.8, 218.0, 216.6, 215.4, 215.2, 56.1, 53.0, 51.6, 52.6, 55.6, 59.0, 60.2, 59.1, 58.3, 56.3, 54.8, 54.0, 54.4, 55.7, 57.6, 58.5, 58.8, 59.1, 59.2, 59.1, 57.5, 58.0, 57.4, 56.0, 54.7, 54.2, 54.8, 56.2, 53.6, 50.5, 49.0, 49.9, 52.8, 55.9, 57.4, 56.8, 55.9, 53.8, 52.1, 51.2, 51.6, 52.7, 54.5, 55.5, 55.9, 56.2, 56.4, 56.5, 54.8, 55.3, 54.6, 53.3, 52.0, 51.6, 52.2, 53.6, 68.9, 70.6, 74.9, 79.3, 81.2, 79.7, 75.1, 70.7, 63.5, 65.9, 69.5, 74.0, 78.7, 82.7, 85.6, 82.5, 78.2, 73.8, 69.6, 66.1, 73.2, 75.2, 77.1, 77.8, 77.0, 75.1, 73.2, 72.4, 121.5, 123.2, 127.7, 132.4, 134.5, 132.8, 128.2, 123.3, 117.7, 120.0, 123.4, 128.3, 133.6, 138.3, 141.9, 138.4, 134.0, 129.2, 124.6, 120.6, 126.2, 128.2, 130.2, 131.0, 130.0, 128.0, 126.0, 125.2, -52.0, -56.5, -58.7, -57.3, -53.0, -48.2, -46.4, -47.8, -49.6, -51.9, -53.7, -54.7, -54.4, -53.0, -50.7, -49.1, -48.3, -47.7, -47.6, -48.1, -50.3, -49.7, -50.6, -52.6, -54.4, -55.1, -54.1, -52.1, -55.6, -60.2, -62.7, -61.5, -57.4, -52.9, -50.5, -51.2, -52.4, -55.2, -57.5, -59.0, -59.0, -58.1, -56.3, -54.2, -52.9, -52.0, -51.6, -51.5, -54.2, -53.7, -54.8, -56.8, -58.6, -59.1, -58.0, -56.0, 260.3, 261.9, 263.1, 263.1, 262.1, 260.7, 259.4, 259.3, 263.1, 261.4, 260.0, 259.7, 260.8, 262.4, 264.0, 261.6, 259.4, 258.4, 258.9, 260.7, 261.1, 261.2, 261.7, 262.4, 262.8, 262.8, 262.3, 261.6, 261.3, 263.1, 264.9, 265.8, 265.1, 263.4, 261.5, 260.7, 261.3, 261.0, 261.0, 262.1, 264.5, 267.6, 270.5, 266.9, 263.5, 261.1, 260.1, 260.4, 262.9, 263.2, 264.0, 264.8, 265.1, 264.7, 263.9, 263.1, 111.0, -17.1, 283.5, 0.044, 0.077, -0.059, 140.7, 141.5, 143.4, 146.4, 152.5, 162.0, 174.2, 189.1, 202.9, 214.2, 221.9, 228.1, 232.9, 235.7, 237.1, 237.4, 236.3, 158.1, 165.4, 174.1, 183.2, 191.4, 206.8, 213.7, 220.5, 227.3, 232.4, 200.8, 202.7, 204.6, 206.6, 193.7, 199.3, 204.8, 209.3, 213.1, 169.3, 174.9, 180.7, 186.0, 181.0, 175.1, 210.0, 214.9, 220.4, 224.8, 221.3, 216.0, 180.7, 190.6, 199.5, 204.8, 210.2, 216.3, 220.5, 216.8, 211.3, 205.5, 199.7, 190.5, 184.0, 199.4, 204.7, 210.2, 218.1, 210.3, 204.7, 199.2, 61.7, 75.0, 88.6, 101.7, 114.0, 124.7, 133.1, 138.9, 139.9, 137.1, 129.9, 120.6, 109.5, 97.0, 83.9, 70.7, 57.7, 50.7, 44.8, 42.6, 43.0, 45.3, 44.0, 40.6, 39.5, 40.7, 45.3, 53.7, 61.1, 68.4, 76.1, 84.6, 85.8, 86.8, 85.1, 83.3, 58.3, 54.7, 54.4, 57.6, 58.8, 59.2, 56.0, 51.9, 51.6, 54.5, 56.0, 56.4, 103.9, 98.2, 95.7, 96.5, 95.1, 96.7, 101.0, 109.1, 112.7, 113.8, 113.7, 111.1, 103.8, 100.1, 100.1, 99.3, 101.5, 106.6, 107.6, 107.5, 28.7, 30.0, 33.2, 38.0, 47.2, 61.3, 78.4, 97.5, 118.3, 139.8, 160.3, 177.7, 190.3, 197.0, 199.1, 199.5, 198.6, 50.2, 59.8, 71.8, 84.2, 95.6, 120.1, 133.2, 146.9, 161.1, 172.3, 108.8, 108.8, 108.8, 108.7, 96.3, 103.3, 110.5, 118.3, 125.6, 65.6, 73.2, 82.0, 89.9, 82.0, 73.3, 129.2, 137.3, 147.0, 155.9, 147.9, 138.5, 82.7, 92.8, 103.8, 111.4, 120.3, 133.4, 146.9, 135.2, 122.8, 113.1, 104.8, 93.4, 87.3, 104.2, 111.8, 121.0, 141.9, 122.0, 112.7, 104.7, -52.5, -31.5, -10.1, 10.7, 29.9, 46.0, 57.7, 64.3, 66.1, 64.2, 56.4, 43.1, 25.0, 3.5, -19.3, -42.2, -65.2, -62.4, -70.0, -72.9, -72.1, -68.9, -72.7, -79.4, -83.2, -83.5, -78.0, -57.4, -46.1, -35.3, -24.4, -14.0, -12.4, -11.0, -13.5, -16.2, -51.4, -56.3, -57.2, -53.0, -50.7, -49.8, -57.6, -63.9, -65.1, -61.8, -58.4, -57.2, 12.7, 4.3, 0.9, 2.0, 0.1, 2.4, 9.0, 20.2, 24.5, 25.6, 25.4, 22.1, 12.5, 6.9, 6.9, 5.9, 9.7, 16.1, 17.3, 17.1, 306.6, 306.9, 308.1, 308.7, 306.0, 302.1, 295.0, 285.1, 286.4, 296.7, 314.1, 327.8, 335.7, 338.9, 338.1, 338.0, 339.8, 274.1, 271.5, 270.7, 269.7, 270.0, 277.4, 284.2, 291.7, 299.1, 305.3, 270.5, 264.3, 258.0, 251.8, 263.4, 261.9, 261.4, 265.3, 269.8, 272.9, 272.2, 274.1, 275.9, 272.8, 271.1, 287.5, 289.0, 292.3, 296.6, 291.6, 288.4, 276.9, 265.2, 262.3, 263.3, 266.9, 276.8, 291.9, 279.1, 269.1, 265.4, 264.3, 267.5, 276.3, 263.9, 264.7, 268.5, 289.0, 270.6, 266.8, 266.0, 0.685, 0.041, -0.278, -0.048, 199.346, 83.068, -20.902, 9.029, 6.469, -4.141, -17.238, -3.019, 9.905, 0.785, 3.860, 0.992, -3.171, 2.641, -2.457, -1.091, -0.170, 2.345, 1.167, 1.831, -0.913, -2.304, 0.439, -0.295, -0.439, 0.249, -0.129, 0.009, 0.019, -0.006, 0.056, 0.044, 0.015, 0.025, -0.003, -0.034, 0.69, 0.00, 0.00, 0.17, 1.21, 1.44, 0.61, 1.47, 0.39, 0.27, 1.03, 0.00, 1.65, 0.14, 1.88, 2.71, 0.00, 1.0, 1.0, 0.0, 0.0, 1.0, 0.0, 0.0, 1.0, 0.0, 0.0, 1.0, 0.0, 1.0, 1.0, 1.0, 1.0, 0.0, 0.0
34, 0, 4.304, 0.22, 0, 0.000000, 0.000000, 0.000000, 0.000000, 0.000000, 0.000000, 0.000, 0.000, 172.1, 173.2, 176.4, 179.9, 181.5, 180.6, 177.1, 173.7, 167.5, 169.6, 172.6, 176.2, 179.8, 182.6, 184.6, 182.6, 179.6, 176.3, 172.9, 169.9, 175.4, 176.9, 178.3, 178.8, 178.1, 176.6, 175.2, 174.7, 214.8, 215.6, 218.6, 222.0, 223.8, 223.0, 220.1, 216.4, 211.8, 213.7, 216.5, 220.0, 223.3, 225.9, 227.6, 226.2, 223.9, 221.0, 217.7, 214.4, 218.0, 219.5, 220.8, 221.2, 220.3, 218.9, 217.6, 217.2, 55.1, 51.8, 50.3, 51.4, 54.6, 58.2, 59.4, 58.3, 57.5, 55.3, 53.7, 52.8, 53.3, 54.7, 56.7, 57.6, 57.9, 58.2, 58.3, 58.2, 56.6, 57.1, 56.4, 55.0, 53.6, 53.1, 53.7, 55.2, 52.8, 49.5, 47.9, 49.0, 52.1, 55.4, 57.0, 56.2, 55.3, 53.0, 51.2, 50.3, 50.8, 52.1, 54.0, 54.9, 55.4, 55.6, 55.7, 55.9, 54.2, 54.7, 54.0, 52.5, 51.2, 50.7, 51.4, 52.8, 62.6, 64.4, 68.7, 73.0, 74.6, 73.1, 68.5, 64.3, 57.6, 59.8, 63.1, 67.5, 72.2, 76.2, 79.1, 75.9, 71.6, 67.2, 63.2, 59.9, 66.9, 68.7, 70.6, 71.4, 70.7, 68.8, 66.9, 66.1, 116.5, 118.4, 123.0, 127.6, 129.5, 127.6, 123.0, 118.2, 112.8, 115.0, 118.5, 123.3, 128.6, 133.4, 137.1, 133.4, 128.7, 123.9, 119.3, 115.5, 121.2, 123.2, 125.2, 126.1, 125.2, 123.2, 121.2, 120.3, -50.3, -54.8, -57.0, -55.4, -51.1, -46.3, -44.6, -46.1, -48.0, -50.3, -52.0, -53.0, -52.6, -51.1, -48.8, -47.2, -46.5, -46.0, -45.9, -46.5, -48.6, -47.9, -48.8, -50.8, -52.6, -53.3, -52.4, -50.4, -53.3, -57.9, -60.2, -59.0, -54.8, -50.2, -48.0, -48.8, -50.2, -53.0, -55.2, -56.5, -56.3, -55.4, -53.5, -51.5, -50.3, -49.6, -49.3, -49.2, -51.8, -51.2, -52.2, -54.2, -56.1, -56.6, -55.6, -53.6, 245.6, 247.0, 247.8, 247.5, 246.3, 245.0, 244.0, 244.3, 248.9, 246.9, 245.2, 244.5, 245.2, 246.5, 247.9, 245.7, 243.8, 243.1, 244.0, 246.1, 246.0, 245.9, 246.2, 246.9, 247.4, 247.5, 247.2, 246.6, 245.7, 247.5, 249.2, 249.7, 248.9, 247.1, 245.4, 244.9, 245.9, 245.4, 245.3, 246.1, 248.2, 251.1, 253.9, 250.3, 247.1, 244.9, 244.1, 244.7, 247.0, 247.2, 247.9, 248.7, 249.1, 248.9, 248.1, 247.4, 107.2, -16.4, 271.9, 0.005, 0.183, -0.054, 141.6, 142.6, 144.7, 148.0, 154.0, 163.6, 175.9, 190.3, 204.7, 217.2, 226.2, 233.7, 239.2, 242.3, 243.8, 244.0, 243.0, 155.9, 162.8, 171.7, 181.1, 189.7, 208.0, 215.8, 223.5, 231.0, 236.3, 200.4, 201.9, 203.5, 205.0, 192.5, 198.2, 204.0, 209.0, 213.3, 167.3, 172.9, 179.3, 185.0, 179.5, 173.2, 211.5, 216.9, 222.9, 227.8, 223.7, 217.9, 180.8, 190.0, 198.8, 204.2, 209.9, 216.9, 222.5, 217.6, 211.2, 205.1, 199.3, 190.3, 184.2, 198.8, 204.2, 210.0, 219.8, 210.3, 204.4, 198.8, 63.6, 76.9, 90.4, 103.5, 115.6, 126.2, 134.4, 140.2, 141.2, 138.3, 131.0, 121.9, 110.9, 98.5, 85.4, 72.4, 59.5, 50.2, 44.0, 41.4, 41.7, 44.1, 42.9, 39.7, 38.8, 40.3, 45.4, 52.8, 60.6, 68.4, 76.5, 84.9, 86.1, 87.2, 85.4, 83.5, 57.4, 53.6, 53.3, 56.7, 57.9, 58.4, 55.4, 51.1, 50.9, 54.0, 55.4, 55.7, 104.2, 98.6, 96.1, 96.9, 95.5, 97.2, 101.4, 108.9, 112.3, 113.3, 113.2, 110.8, 104.1, 100.6, 100.7, 99.8, 101.8, 105.9, 107.0, 106.9, 30.4, 31.8, 35.2, 40.3, 49.3, 62.8, 78.7, 95.3, 114.9, 136.7, 158.8, 178.0, 191.7, 198.7, 200.7, 201.1, 200.8, 46.9, 55.7, 67.3, 79.2, 90.2, 117.1, 130.7, 144.9, 159.1, 170.2, 104.1, 103.0, 101.9, 100.7, 90.7, 97.1, 103.8, 111.6, 119.0, 62.0, 69.4, 78.2, 86.3, 78.1, 69.3, 126.4, 134.6, 144.4, 153.4, 144.9, 135.4, 80.2, 88.3, 97.9, 104.9, 113.4, 126.9, 141.8, 128.6, 115.7, 106.5, 98.9, 89.0, 84.4, 98.7, 105.7, 114.4, 136.6, 115.4, 106.4, 99.2, -49.8, -28.6, -7.3, 13.4, 32.2, 47.6, 58.1, 63.5, 64.6, 62.5, 55.1, 43.0, 26.2, 5.9, -15.8, -37.4, -59.1, -62.9, -70.5, -73.3, -72.1, -68.3, -71.3, -77.4, -80.7, -80.2, -74.2, -56.4, -44.6, -33.5, -22.6, -13.1, -11.4, -10.0, -12.4, -15.1, -52.0, -56.9, -57.5, -52.8, -50.8, -50.1, -56.3, -62.6, -63.4, -59.8, -56.7, -55.8, 12.7, 4.7, 1.4, 2.5, 0.6, 2.9, 9.0, 18.8, 22.5, 23.6, 23.4, 20.8, 12.5, 7.3, 7.3, 6.3, 9.6, 14.4, 15.6, 15.5, 308.7, 308.6, 309.0, 308.2, 304.1, 297.3, 286.9, 273.6, 272.1, 281.1, 298.0, 311.6, 319.7, 322.7, 322.1, 322.3, 324.4, 273.5, 269.2, 266.4, 263.2, 261.2, 266.5, 272.7, 279.3, 285.4, 290.9, 260.2, 252.7, 245.0, 237.6, 252.2, 249.6, 248.0, 251.2, 255.1, 269.3, 267.8, 268.2, 268.9, 266.8, 266.4, 276.3, 277.5, 279.9, 283.5, 278.7, 276.4, 267.6, 254.5, 250.0, 250.1, 252.6, 261.8, 276.2, 263.3, 253.8, 250.9, 250.7, 255.8, 266.3, 251.7, 251.6, 254.5, 273.4, 255.7, 252.9, 253.0, 0.713, 0.005, -0.154, -0.059, 200.196, 83.219, -8.818, 10.193, 5.526, -4.297, -14.481, -0.706, 5.904, 3.629, 4.668, 1.072, -1.280, 2.190, 0.899, -2.933, 2.285, 0.019, 0.703, 2.319, 0.320, -1.570, -0.171, 0.368, -0.133, 0.096, -0.190, 0.383, -0.006, 0.214, -0.049, 0.044, 0.002, -0.028, -0.016, 0.009, 2.22, 0.00, 0.00, 1.62, 3.06, 3.45, 0.24, 2.72, 0.03, 1.22, 1.96, 3.86, 0.00, 0.87, 0.40, 2.45, 0.43, 1.0, 0.0, 1.0, 0.0, 1.0, 1.0, 0.0, 1.0, 0.0, 0.0, 1.0, 1.0, 0.0, 1.0, 0.0, 0.0, 1.0, 0.0
35, 0, 4.435, 0.03, 0, 0.000000, 0.000000, 0.000000, 0.000000, 0.000000, 0.000000, 0.000, 0.000, 169.7, 171.2, 174.5, 177.8, 179.1, 177.9, 174.3, 171.0, 165.2, 167.3, 170.2, 173.8, 177.5, 180.2, 182.1, 179.9, 176.7, 173.3, 170.1, 167.2, 172.9, 174.4, 175.8, 176.5, 175.9, 174.5, 173.0, 172.4, 212.0, 213.3, 216.6, 220.0, 221.4, 220.2, 216.9, 213.2, 208.6, 210.8, 213.8, 217.6, 221.0, 223.6, 225.3, 223.6, 221.1, 217.9, 214.5, 211.1, 215.2, 216.7, 218.1, 218.7, 218.0, 216.5, 215.1, 214.5, 51.2, 47.9, 46.6, 48.0, 51.4, 55.0, 56.0, 54.6, 53.0, 51.0, 49.7, 49.1, 49.9, 51.5, 53.7, 54.7, 54.9, 55.0, 54.8, 54.2, 52.9, 53.5, 53.0, 51.5, 50.0, 49.4, 50.0, 51.4, 51.7, 48.3, 46.9, 48.4, 51.8, 55.2, 56.6, 55.4, 53.9, 51.7, 50.2, 49.6, 50.3, 51.7, 53.8, 54.9, 55.4, 55.5, 55.3, 54.9, 53.4, 54.0, 53.4, 51.9, 50.4, 49.8, 50.4, 51.9, 59.4, 61.4, 65.7, 69.7, 71.1, 69.3, 64.7, 60.8, 54.7, 56.7, 59.9, 64.1, 68.8, 72.5, 75.3, 71.9, 67.6, 63.3, 59.6, 56.6, 63.5, 65.3, 67.1, 68.0, 67.5, 65.7, 63.8, 62.9, 109.2, 111.4, 116.0, 120.5, 122.0, 119.8, 115.2, 110.5, 105.4, 107.7, 111.2, 115.9, 121.1, 125.8, 129.4, 125.6, 120.9, 116.1, 111.7, 107.9, 113.7, 115.6, 117.7, 118.6, 117.9, 116.0, 114.0, 113.0, -55.1, -59.4, -61.2, -59.2, -54.8, -50.1, -48.7, -50.6, -53.7, -55.7, -56.8, -57.3, -56.4, -54.7, -52.2, -50.6, -50.0, -49.8, -50.3, -51.6, -53.0, -52.2, -52.9, -54.8, -56.8, -57.6, -56.9, -55.0, -52.9, -57.3, -59.3, -57.6, -53.2, -48.8, -46.9, -48.2, -50.3, -52.8, -54.5, -55.4, -54.9, -53.8, -51.9, -49.8, -48.6, -48.0, -48.2, -48.8, -51.1, -50.3, -51.2, -53.1, -55.0, -55.8, -54.9, -53.0, 244.9, 245.8, 246.0, 245.4, 244.5, 243.8, 243.4, 244.0, 249.1, 246.6, 244.4, 243.1, 243.4, 244.6, 245.9, 244.2, 242.7, 242.5, 243.8, 246.2, 245.2, 244.9, 245.0, 245.4, 245.8, 246.1, 246.0, 245.6, 237.6, 238.8, 240.1, 240.6, 240.1, 238.8, 237.6, 237.2, 238.3, 237.4, 236.9, 237.4, 239.3, 242.2, 245.1, 241.8, 238.8, 236.8, 236.3, 237.1, 238.8, 239.1, 239.6, 240.2, 240.4, 240.2, 239.6, 239.1, 108.7, -24.7, 294.5, 0.028, 0.318, -0.013, 145.8, 146.6, 148.6, 151.6, 157.2, 165.8, 175.3, 185.4, 196.9, 208.6, 218.9, 227.7, 233.9, 237.7, 239.7, 241.3, 241.9, 154.6, 161.7, 171.0, 180.1, 188.5, 204.4, 213.1, 221.8, 230.3, 235.9, 196.8, 196.5, 196.3, 196.2, 185.6, 190.4, 195.4, 200.5, 204.9, 165.1, 170.7, 177.2, 182.3, 176.6, 170.0, 208.4, 214.3, 220.6, 225.5, 220.9, 214.6, 176.2, 183.7, 190.3, 194.6, 199.6, 205.8, 212.2, 205.3, 199.0, 193.8, 189.0, 182.8, 178.9, 190.1, 194.6, 199.6, 209.3, 199.3, 194.2, 189.7, 58.0, 72.1, 86.2, 99.4, 110.7, 119.6, 125.5, 128.9, 129.1, 126.9, 120.9, 112.9, 103.0, 91.6, 79.9, 68.1, 56.2, 46.0, 39.7, 37.4, 38.3, 41.2, 40.9, 38.5, 37.9, 40.1, 46.4, 50.1, 58.0, 65.8, 74.0, 80.8, 82.2, 83.6, 82.5, 81.0, 53.0, 49.7, 49.8, 53.7, 54.9, 55.0, 54.0, 50.1, 50.3, 53.7, 55.5, 55.3, 97.5, 94.1, 92.4, 93.6, 92.6, 94.7, 97.9, 101.1, 102.2, 102.5, 102.1, 100.8, 97.6, 96.4, 96.9, 96.5, 97.9, 96.4, 96.9, 96.6, 41.9, 43.4, 46.8, 51.5, 60.1, 72.6, 84.5, 95.7, 111.9, 132.5, 155.6, 175.2, 188.5, 195.5, 199.4, 202.8, 205.8, 51.0, 60.8, 73.6, 85.2, 95.5, 118.6, 133.5, 149.4, 165.8, 178.4, 107.2, 103.8, 100.3, 97.3, 88.8, 94.3, 100.3, 108.1, 115.5, 65.8, 73.5, 82.9, 90.1, 81.4, 72.0, 129.7, 138.8, 149.0, 158.1, 148.7, 138.7, 80.4, 87.8, 95.1, 100.8, 108.4, 119.7, 133.7, 118.1, 106.4, 98.6, 92.4, 86.0, 83.5, 95.2, 101.1, 108.9, 127.9, 107.7, 99.9, 94.1, -66.7, -41.1, -15.7, 7.8, 27.2, 41.2, 48.9, 51.6, 51.3, 49.1, 41.8, 29.9, 13.6, -5.8, -25.8, -45.9, -66.8, -77.9, -85.9, -87.3, -83.9, -77.9, -78.4, -83.3, -85.9, -84.4, -76.5, -64.9, -51.9, -39.6, -27.7, -20.1, -17.7, -15.7, -17.4, -19.6, -64.9, -69.0, -68.6, -62.3, -60.4, -60.7, -62.0, -68.0, -67.8, -63.4, -59.8, -59.8, 3.8, -1.4, -3.7, -1.9, -3.4, -0.4, 4.3, 8.8, 10.0, 10.4, 9.9, 8.3, 3.8, 1.9, 2.6, 2.1, 4.3, 2.0, 2.7, 2.3, 350.8, 349.8, 348.7, 344.5, 336.8, 326.6, 311.8, 296.2, 292.6, 299.5, 314.2, 324.2, 329.3, 330.5, 331.2, 332.4, 335.6, 309.5, 302.2, 295.4, 288.2, 281.7, 282.0, 287.0, 292.9, 299.3, 306.3, 280.9, 273.0, 264.6, 257.0, 274.1, 270.5, 267.9, 269.9, 272.7, 300.6, 296.9, 295.1, 293.4, 293.0, 294.9, 293.9, 294.4, 295.6, 298.8, 294.3, 293.0, 291.4, 279.3, 273.1, 272.1, 273.5, 279.5, 290.0, 277.5, 270.7, 269.2, 270.6, 277.6, 288.4, 274.1, 273.1, 274.8, 287.0, 273.0, 271.2, 272.7, 0.661, -0.000, 0.043, -0.011, 195.306, 78.455, 4.368, 22.447, -9.283, -3.585, 3.537, 8.345, -3.487, -11.117, -2.462, -4.376, 2.449, -0.357, 0.310, 0.199, 0.353, 0.631, 0.230, 1.756, -0.602, -0.111, -0.999, 0.025, 0.561, -0.165, -0.080, 0.024, 0.035, -0.016, 0.012, 0.025, 0.000, -0.001, 0.008, -0.007, 0.00, 0.46, 0.47, 2.43, 1.07, 1.23, 1.08, 0.00, 0.00, 0.49, 0.55, 1.43, 0.00, 3.16, 0.00, 0.00, 0.77, 0.0, 1.0, 0.0, 1.0, 1.0, 1.0, 0.0, 0.0, 0.0, 0.0, 0.0, 1.0, 0.0, 1.0, 0.0, 0.0, 1.0, 0.0
36, 0, 4.565, 0.03, 0, 0.000000, 0.000000, 0.000000, 0.000000, 0.000000, 0.000000, 0.000, 0.000, 166.8, 168.0, 171.2, 174.5, 176.0, 175.1, 171.6, 168.3, 162.7, 164.5, 167.2, 170.7, 174.3, 177.2, 179.3, 177.1, 174.0, 170.7, 167.5, 164.7, 170.1, 171.6, 173.0, 173.5, 172.8, 171.4, 170.0, 169.5, 207.3, 208.2, 211.3, 214.7, 216.5, 215.6, 212.5, 208.9, 204.2, 206.2, 208.9, 212.5, 215.9, 218.6, 220.4, 218.9, 216.5, 213.5, 210.1, 206.8, 210.5, 212.0, 213.4, 213.8, 213.0, 211.5, 210.2, 209.8, 52.3, 48.9, 47.3, 48.5, 51.6, 55.3, 56.6, 55.4, 54.5, 52.3, 50.7, 49.8, 50.2, 51.6, 53.7, 54.8, 55.3, 55.7, 55.7, 55.4, 53.6, 54.1, 53.4, 52.0, 50.6, 50.1, 50.8, 52.3, 49.4, 46.0, 44.4, 45.5, 48.7, 52.1, 53.7, 52.9, 51.9, 49.6, 47.7, 46.8, 47.2, 48.5, 50.4, 51.6, 52.3, 52.6, 52.7, 52.7, 50.8, 51.3, 50.6, 49.1, 47.7, 47.2, 47.9, 49.4, 56.4, 58.1, 62.3, 66.4, 68.0, 66.6, 62.1, 58.1, 52.0, 53.8, 56.8, 60.9, 65.6, 69.5, 72.5, 69.2, 64.9, 60.7, 57.0, 54.0, 60.7, 62.4, 64.2, 65.0, 64.3, 62.5, 60.7, 59.9, 105.5, 107.3, 111.7, 116.3, 118.3, 116.4, 112.0, 107.2, 101.9, 104.0, 107.3, 112.0, 117.2, 122.0, 125.7, 122.1, 117.6, 112.9, 108.4, 104.6, 110.1, 112.1, 114.1, 114.8, 114.0, 112.0, 110.0, 109.3, -54.4, -58.9, -61.0, -59.4, -55.1, -50.3, -48.6, -50.2, -52.5, -54.8, -56.3, -57.2, -56.7, -55.1, -52.7, -50.9, -50.1, -49.6, -49.7, -50.6, -52.7, -52.0, -52.9, -54.8, -56.7, -57.4, -56.5, -54.6, -56.7, -61.3, -63.7, -62.4, -58.2, -53.6, -51.3, -52.2, -53.7, -56.5, -58.7, -60.0, -59.9, -59.1, -57.2, -54.9, -53.4, -52.6, -52.3, -52.5, -55.3, -54.7, -55.7, -57.7, -59.6, -60.1, -59.1, -57.1, 247.9, 248.8, 249.0, 248.3, 247.1, 246.4, 246.1, 246.8, 252.2, 249.7, 247.4, 246.1, 246.3, 247.2, 248.4, 246.7, 245.3, 245.2, 246.7, 249.2, 248.0, 247.7, 247.8, 248.2, 248.7, 249.0, 248.9, 248.5, 242.2, 243.6, 245.0, 245.5, 244.9, 243.5, 242.1, 241.7, 242.8, 242.0, 241.7, 242.2, 244.2, 247.1, 249.9, 246.6, 243.5, 241.5, 240.9, 241.6, 243.5, 243.7, 244.3, 244.9, 245.2, 245.0, 244.4, 243.7, 109.0, -27.4, 302.6, 0.013, 0.294, -0.064, 146.1, 147.3, 149.8, 153.3, 158.8, 166.7, 175.7, 185.9, 197.1, 207.9, 217.0, 224.8, 230.8, 234.2, 235.8, 236.5, 236.2, 152.7, 158.7, 167.1, 175.7, 183.5, 199.1, 206.9, 215.1, 223.2, 229.0, 192.2, 192.7, 193.3, 193.9, 184.3, 189.1, 194.1, 198.9, 203.2, 162.5, 167.6, 173.9, 179.5, 173.9, 167.6, 204.0, 209.3, 215.5, 220.6, 216.3, 210.2, 176.6, 183.4, 190.0, 194.6, 199.5, 206.2, 212.6, 206.9, 200.7, 195.3, 190.3, 183.5, 179.5, 190.2, 194.8, 199.8, 209.8, 200.0, 194.9, 190.2, 60.9, 73.6, 86.4, 98.4, 109.0, 117.4, 123.6, 127.4, 127.7, 125.6, 119.9, 112.1, 102.4, 91.0, 79.0, 66.8, 54.7, 46.7, 40.2, 37.7, 37.8, 40.1, 38.7, 35.3, 34.2, 35.8, 41.3, 49.0, 56.5, 63.9, 71.6, 79.5, 80.6, 81.4, 79.9, 78.3, 54.5, 50.5, 50.2, 53.7, 55.3, 55.9, 52.0, 47.6, 47.3, 50.4, 52.4, 52.7, 97.7, 92.8, 90.2, 91.0, 89.6, 91.5, 95.0, 100.5, 103.0, 103.8, 103.8, 102.2, 97.5, 94.5, 94.5, 93.8, 95.3, 97.0, 97.8, 97.8, 42.3, 44.4, 48.8, 54.8, 63.5, 75.3, 87.3, 99.3, 115.1, 134.4, 155.4, 174.5, 187.9, 195.3, 198.7, 200.8, 202.0, 49.2, 57.8, 69.8, 81.4, 91.8, 115.2, 129.0, 144.4, 160.1, 172.5, 104.4, 102.2, 99.9, 97.8, 89.9, 95.7, 101.9, 109.7, 117.3, 63.9, 71.1, 80.6, 88.8, 80.2, 70.7, 127.1, 135.8, 146.2, 155.6, 146.7, 136.5, 83.4, 89.7, 97.3, 103.5, 111.1, 123.6, 138.2, 124.5, 112.5, 104.4, 97.6, 89.9, 86.9, 98.1, 104.3, 112.2, 132.8, 112.5, 104.5, 98.2, -61.3, -38.2, -15.4, 6.1, 24.4, 38.2, 46.9, 50.8, 50.4, 48.1, 40.9, 29.2, 12.9, -6.9, -28.1, -49.7, -71.5, -78.7, -87.5, -89.7, -87.6, -82.6, -84.7, -91.3, -94.9, -94.2, -87.0, -68.9, -56.0, -43.9, -32.0, -22.5, -20.7, -19.3, -21.6, -24.2, -64.7, -70.1, -70.3, -64.3, -62.0, -61.4, -67.0, -74.2, -75.0, -70.8, -66.6, -65.8, 4.2, -3.2, -7.0, -5.8, -7.8, -5.2, -0.1, 8.2, 11.5, 12.6, 12.6, 10.7, 3.9, -0.7, -0.7, -1.8, 0.5, 2.9, 4.1, 4.0, 349.7, 348.4, 347.6, 345.7, 340.2, 331.5, 319.1, 304.8, 300.4, 306.4, 320.2, 331.8, 337.9, 340.3, 341.3, 342.9, 345.9, 317.1, 311.0, 304.6, 297.9, 292.9, 292.9, 297.5, 303.5, 309.6, 315.4, 291.5, 283.2, 274.6, 266.5, 283.3, 279.6, 277.1, 279.5, 282.7, 310.7, 307.0, 305.2, 303.5, 303.7, 305.3, 303.3, 304.5, 305.8, 308.9, 304.3, 302.9, 299.9, 286.8, 280.6, 279.5, 280.7, 287.3, 298.7, 287.2, 280.3, 279.0, 280.1, 286.8, 297.0, 282.2, 280.9, 282.4, 296.2, 282.5, 281.0, 282.4, 0.643, -0.019, 0.008, -0.069, 193.478, 77.297, -12.115, 5.950, -3.890, 8.960, 0.079, 3.016, -0.237, 0.855, -1.991, -1.575, 0.715, -0.196, -0.546, -0.113, -0.165, 0.132, -0.043, -0.056, -0.002, -0.137, 0.121, -0.066, 0.046, 0.146, 0.391, -0.087, 0.081, -0.049, 0.016, -0.020, 0.006, -0.009, -0.005, -0.004, 1.79, 0.66, 0.00, 2.32, 0.40, 0.00, 0.00, 0.00, 0.33, 0.00, 1.02, 2.22, 0.00, 1.68, 0.00, 0.00, 0.00, 1.0, 1.0, 0.0, 1.0, 0.0, 0.0, 0.0, 0.0, 1.0, 0.0, 1.0, 1.0, 0.0, 1.0, 0.0, 0.0, 1.0, 0.0
37, 0, 4.696, 0.03, 0, 0.000000, 0.000000, 0.000000, 0.000000, 0.000000, 0.000000, 0.000, 0.000, 164.3, 165.4, 168.7, 172.2, 173.8, 173.0, 169.4, 165.9, 160.0, 161.9, 164.7, 168.3, 172.0, 175.0, 177.3, 175.0, 171.9, 168.4, 165.1, 162.2, 167.7, 169.3, 170.7, 171.2, 170.5, 168.9, 167.5, 167.0, 206.9, 207.8, 210.9, 214.5, 216.5, 215.7, 212.5, 208.7, 203.8, 205.8, 208.6, 212.3, 215.9, 218.7, 220.7, 219.1, 216.6, 213.5, 209.9, 206.5, 210.4, 212.0, 213.3, 213.7, 212.8, 211.3, 209.9, 209.5, 54.3, 50.8, 49.1, 50.2, 53.4, 57.2, 58.6, 57.5, 56.7, 54.5, 52.8, 51.7, 52.0, 53.4, 55.4, 56.6, 57.1, 57.6, 57.8, 57.6, 55.7, 56.1, 55.4, 53.8, 52.4, 52.0, 52.7, 54.2, 50.0, 46.4, 44.6, 45.6, 48.9, 52.5, 54.3, 53.6, 52.6, 50.2, 48.2, 47.2, 47.5, 48.6, 50.5, 51.7, 52.5, 52.9, 53.2, 53.3, 51.3, 51.8, 51.0, 49.4, 48.0, 47.5, 48.3, 49.9, 51.6, 53.2, 57.3, 61.5, 63.2, 61.9, 57.5, 53.4, 47.1, 48.9, 52.0, 56.1, 60.7, 64.7, 67.8, 64.6, 60.3, 56.0, 52.3, 49.2, 55.9, 57.7, 59.5, 60.2, 59.4, 57.6, 55.8, 55.1, 101.2, 102.8, 107.2, 111.8, 113.9, 112.2, 107.8, 103.0, 97.7, 99.7, 102.9, 107.6, 112.8, 117.6, 121.5, 117.8, 113.3, 108.6, 104.1, 100.4, 105.9, 107.9, 109.8, 110.5, 109.6, 107.6, 105.7, 104.9, -50.2, -54.8, -56.9, -55.5, -51.2, -46.4, -44.6, -46.0, -48.1, -50.4, -52.0, -53.0, -52.7, -51.3, -49.0, -47.2, -46.3, -45.7, -45.7, -46.4, -48.6, -47.9, -48.9, -50.9, -52.7, -53.4, -52.4, -50.4, -54.0, -58.6, -61.1, -60.0, -55.8, -51.2, -48.8, -49.5, -50.9, -53.7, -55.9, -57.3, -57.4, -56.7, -55.1, -52.8, -51.2, -50.2, -49.8, -49.8, -52.6, -52.1, -53.2, -55.2, -57.1, -57.6, -56.5, -54.4, 240.3, 241.3, 241.5, 240.9, 239.7, 238.9, 238.4, 239.1, 244.4, 242.0, 239.7, 238.5, 238.8, 239.8, 241.0, 239.2, 237.8, 237.6, 238.9, 241.4, 240.4, 240.1, 240.2, 240.7, 241.2, 241.5, 241.3, 240.9, 233.3, 234.7, 236.0, 236.5, 235.8, 234.4, 233.1, 232.7, 233.9, 233.1, 232.7, 233.2, 235.1, 238.0, 240.8, 237.4, 234.4, 232.4, 231.8, 232.6, 234.5, 234.7, 235.3, 235.9, 236.2, 236.0, 235.4, 234.8, 101.8, -22.5, 284.4, 0.031, 0.299, -0.104, 142.5, 144.1, 146.7, 150.3, 156.0, 164.4, 174.4, 185.9, 198.6, 210.8, 220.8, 229.2, 235.1, 238.1, 239.1, 239.1, 238.2, 149.2, 155.0, 163.7, 173.0, 181.6, 197.3, 205.6, 214.4, 223.2, 229.4, 190.8, 191.6, 192.4, 193.3, 183.1, 188.4, 193.9, 199.1, 203.7, 159.8, 165.0, 171.6, 177.5, 171.8, 165.3, 203.6, 209.1, 215.5, 220.9, 216.4, 210.1, 174.6, 181.9, 189.4, 194.6, 200.1, 207.8, 215.1, 208.9, 201.9, 195.9, 190.3, 182.4, 177.6, 189.7, 194.9, 200.6, 212.1, 201.1, 195.2, 189.9, 63.5, 76.6, 89.6, 102.0, 113.1, 122.1, 128.7, 133.1, 133.2, 130.1, 122.9, 113.8, 103.0, 90.8, 78.1, 65.6, 53.2, 49.2, 42.0, 38.6, 38.3, 40.7, 38.7, 34.6, 33.3, 34.9, 40.6, 50.2, 58.0, 65.7, 73.7, 82.3, 83.4, 84.2, 82.3, 80.4, 56.7, 52.6, 52.1, 55.4, 57.1, 57.8, 52.7, 48.0, 47.5, 50.4, 52.5, 53.1, 101.2, 95.9, 93.1, 93.8, 92.1, 93.5, 96.8, 104.0, 107.3, 108.5, 108.6, 106.8, 101.0, 97.6, 97.5, 96.5, 97.4, 101.1, 102.3, 102.4, 34.0, 36.6, 41.0, 47.0, 55.8, 68.1, 81.1, 94.1, 111.1, 131.7, 153.4, 172.6, 185.3, 191.6, 193.3, 194.3, 194.6, 41.0, 48.7, 60.4, 72.2, 83.1, 105.1, 118.5, 133.8, 149.5, 161.7, 95.5, 93.7, 91.9, 90.2, 82.6, 88.7, 95.1, 102.9, 110.3, 55.8, 62.8, 72.0, 80.3, 72.0, 62.8, 118.2, 126.5, 136.4, 145.8, 137.1, 127.4, 76.0, 82.3, 90.2, 96.8, 104.7, 118.1, 134.1, 120.1, 107.3, 98.7, 91.5, 83.2, 79.7, 91.3, 97.8, 106.1, 128.8, 107.0, 98.5, 91.8, -53.7, -31.3, -9.1, 11.9, 30.2, 44.0, 52.6, 56.5, 55.7, 52.3, 43.6, 30.5, 13.2, -7.0, -28.0, -49.0, -70.2, -70.3, -79.6, -82.7, -81.1, -76.3, -79.1, -86.1, -89.9, -89.3, -82.3, -62.6, -50.2, -38.5, -27.1, -17.3, -15.7, -14.4, -17.0, -19.8, -57.3, -62.5, -63.0, -57.8, -55.4, -54.6, -61.6, -68.6, -69.6, -66.1, -62.0, -60.9, 9.0, 1.2, -2.6, -1.6, -3.9, -2.1, 2.6, 12.5, 16.6, 18.1, 18.4, 16.4, 8.7, 3.6, 3.4, 2.0, 3.4, 8.3, 9.8, 10.0, 331.5, 330.4, 330.1, 329.0, 324.7, 316.7, 304.2, 289.0, 284.3, 290.3, 303.8, 314.7, 320.3, 322.5, 322.8, 324.4, 327.4, 298.7, 292.1, 285.4, 278.4, 273.4, 273.6, 277.6, 283.4, 289.0, 294.4, 271.9, 264.0, 255.9, 248.2, 265.5, 261.9, 259.3, 261.5, 264.5, 291.2, 287.2, 285.6, 284.2, 284.3, 285.9, 283.8, 284.4, 285.5, 288.4, 284.2, 283.1, 283.8, 269.7, 262.6, 261.4, 262.5, 269.5, 282.0, 270.6, 263.0, 261.7, 262.9, 270.4, 281.3, 264.4, 263.0, 264.3, 279.7, 265.0, 263.5, 265.1, 0.684, 0.013, 0.016, -0.103, 193.126, 79.469, -10.335, 4.988, 1.171, 3.465, -4.121, -0.965, -1.758, -1.303, -2.696, 3.263, -0.151, -0.897, 0.192, 0.389, -0.915, -0.137, -0.085, -0.105, -0.132, 0.251, 0.525, 0.228, 0.005, 0.090, -0.089, -0.201, -0.010, -0.046, -0.001, -0.007, 0.005, 0.003, -0.008, 0.011, 2.38, 0.22, 0.48, 2.50, 1.85, 1.89, 0.00, 1.81, 0.00, 0.00, 0.10, 1.84, 0.52, 0.00, 0.00, 0.00, 0.00, 1.0, 1.0, 1.0, 1.0, 1.0, 0.0, 0.0, 1.0, 0.0, 0.0, 0.0, 1.0, 0.0, 0.0, 0.0, 0.0, 1.0, 0.0
38, 0, 4.826, 0.03, 0, 0.000000, 0.000000, 0.000000, 0.000000, 0.000000, 0.000000, 0.000, 0.000, 163.8, 165.0, 168.3, 171.7, 173.4, 172.5, 168.9, 165.4, 159.6, 161.4, 164.2, 167.8, 171.6, 174.6, 176.8, 174.6, 171.4, 167.9, 164.6, 161.7, 167.3, 168.8, 170.2, 170.7, 170.0, 168.5, 167.1, 166.6, 206.5, 207.3, 210.4, 214.1, 216.1, 215.3, 212.2, 208.2, 203.4, 205.3, 208.1, 211.8, 215.4, 218.4, 220.5, 218.8, 216.2, 213.0, 209.5, 206.0, 210.0, 211.6, 213.0, 213.3, 212.4, 210.8, 209.4, 209.1, 53.8, 50.3, 48.6, 49.7, 53.0, 56.8, 58.2, 57.1, 56.0, 53.9, 52.2, 51.3, 51.6, 53.0, 55.0, 56.2, 56.8, 57.3, 57.4, 57.1, 55.2, 55.7, 54.9, 53.4, 51.9, 51.4, 52.2, 53.7, 49.3, 45.6, 43.7, 44.7, 48.0, 51.7, 53.6, 52.9, 52.0, 49.5, 47.5, 46.4, 46.6, 47.6, 49.3, 50.8, 51.7, 52.3, 52.6, 52.7, 50.6, 51.0, 50.2, 48.5, 47.1, 46.7, 47.5, 49.1, 50.9, 52.5, 56.5, 60.7, 62.4, 61.2, 56.8, 52.7, 46.5, 48.3, 51.2, 55.3, 60.0, 63.9, 67.0, 63.8, 59.6, 55.3, 51.6, 48.6, 55.2, 57.0, 58.7, 59.5, 58.7, 56.9, 55.1, 54.4, 99.9, 101.4, 105.7, 110.3, 112.5, 110.9, 106.6, 101.9, 96.6, 98.4, 101.5, 106.1, 111.3, 116.2, 120.1, 116.5, 112.0, 107.3, 102.9, 99.2, 104.6, 106.6, 108.5, 109.2, 108.2, 106.2, 104.3, 103.6, -50.7, -55.3, -57.4, -55.8, -51.6, -46.8, -45.0, -46.5, -48.9, -51.0, -52.5, -53.4, -53.0, -51.6, -49.4, -47.5, -46.6, -46.0, -46.1, -47.0, -49.1, -48.4, -49.3, -51.3, -53.2, -53.9, -52.9, -50.9, -54.4, -59.0, -61.6, -60.5, -56.4, -51.8, -49.3, -50.0, -51.3, -54.1, -56.3, -57.8, -58.0, -57.5, -56.0, -53.5, -51.8, -50.7, -50.2, -50.2, -53.2, -52.7, -53.8, -55.8, -57.6, -58.1, -57.0, -54.9, 239.7, 240.5, 240.5, 239.8, 238.8, 238.3, 238.1, 238.7, 244.1, 241.5, 239.1, 237.7, 237.9, 238.9, 240.2, 238.6, 237.2, 237.2, 238.6, 241.1, 239.8, 239.5, 239.6, 239.9, 240.3, 240.6, 240.6, 240.3, 231.6, 232.8, 234.0, 234.3, 233.8, 232.6, 231.5, 231.2, 232.5, 231.5, 230.9, 231.2, 233.0, 235.8, 238.7, 235.4, 232.5, 230.7, 230.3, 231.2, 232.8, 233.0, 233.4, 234.0, 234.2, 234.0, 233.6, 233.0, 102.6, -23.6, 287.1, 0.137, 0.330, -0.148, 143.0, 144.8, 147.8, 151.6, 157.5, 166.1, 176.1, 187.1, 199.3, 211.2, 221.3, 230.0, 236.2, 239.6, 240.6, 240.7, 239.8, 148.6, 154.2, 162.8, 172.0, 180.6, 196.4, 205.0, 214.1, 223.2, 229.9, 190.0, 190.6, 191.3, 192.1, 182.6, 187.8, 193.1, 198.3, 202.9, 159.4, 164.6, 171.1, 177.0, 171.3, 164.8, 203.1, 208.6, 215.0, 220.7, 216.0, 209.6, 175.4, 182.1, 189.2, 194.1, 199.4, 207.1, 214.7, 208.4, 201.5, 195.7, 190.3, 182.8, 178.3, 189.6, 194.5, 200.0, 211.7, 200.6, 195.0, 189.9, 59.8, 72.9, 85.8, 98.2, 109.3, 118.6, 125.8, 131.0, 131.3, 127.8, 119.9, 110.5, 99.6, 87.3, 74.6, 61.9, 49.2, 48.7, 41.9, 39.1, 39.2, 41.7, 39.6, 35.3, 33.4, 34.4, 39.6, 50.8, 58.9, 66.9, 75.2, 82.7, 83.8, 84.7, 82.6, 80.5, 56.0, 52.1, 51.6, 55.1, 56.8, 57.5, 52.2, 47.3, 46.7, 49.3, 51.7, 52.5, 100.1, 95.8, 93.4, 94.1, 92.3, 93.3, 95.6, 103.3, 107.0, 108.3, 108.4, 106.3, 100.0, 97.6, 97.6, 96.4, 96.3, 100.8, 102.1, 102.1, 35.1, 38.3, 43.5, 50.1, 59.7, 72.7, 86.2, 99.0, 115.5, 135.5, 156.8, 175.6, 188.3, 194.1, 195.3, 195.5, 194.8, 39.9, 47.1, 58.2, 69.6, 80.1, 101.4, 114.7, 129.8, 145.9, 159.1, 92.7, 91.3, 89.7, 88.3, 82.2, 88.0, 94.2, 101.8, 108.9, 55.1, 61.7, 70.7, 79.0, 70.9, 61.9, 115.8, 123.5, 133.2, 143.0, 134.3, 124.8, 78.2, 83.5, 90.7, 96.9, 104.3, 117.8, 134.3, 120.6, 108.3, 100.1, 93.3, 85.3, 81.8, 92.2, 98.3, 106.1, 129.0, 107.4, 99.4, 93.1, -60.3, -38.0, -15.8, 5.4, 24.4, 39.4, 49.5, 55.1, 54.6, 50.0, 39.6, 25.3, 7.6, -12.7, -33.7, -54.7, -76.0, -70.9, -78.9, -80.9, -78.5, -73.5, -76.0, -83.0, -87.4, -87.7, -82.0, -60.8, -48.4, -36.7, -25.2, -16.9, -15.1, -13.8, -16.6, -19.6, -58.2, -62.9, -63.2, -57.8, -55.5, -54.9, -61.5, -68.5, -69.6, -66.6, -62.1, -60.8, 7.6, 1.2, -2.2, -1.2, -3.7, -2.4, 0.8, 11.6, 16.5, 18.2, 18.5, 16.0, 7.4, 3.6, 3.5, 1.9, 1.9, 7.9, 9.7, 9.8, 333.8, 334.3, 335.2, 335.2, 331.9, 324.8, 313.0, 298.1, 292.7, 297.3, 309.1, 318.1, 322.2, 322.8, 321.9, 321.9, 323.2, 297.7, 289.4, 281.4, 273.7, 268.2, 267.0, 270.5, 275.9, 281.8, 288.4, 267.5, 260.8, 253.7, 247.1, 266.2, 262.5, 259.7, 261.3, 263.6, 290.4, 285.5, 283.3, 282.0, 282.7, 284.8, 279.7, 279.4, 280.3, 283.4, 279.5, 278.7, 288.0, 272.8, 264.8, 263.5, 264.0, 270.9, 283.5, 273.4, 266.8, 266.2, 267.8, 275.4, 285.3, 267.3, 265.6, 266.4, 281.4, 267.8, 267.0, 268.9, 0.683, 0.112, 0.052, -0.116, 193.090, 78.555, -3.446, 4.127, 2.428, 2.266, -1.199, -1.516, -0.305, -1.229, -0.200, 0.479, -0.272, 0.261, 0.181, 0.028, -0.179, 0.048, -0.152, -0.169, -0.254, 0.296, 0.176, -0.097, -0.101, 0.160, -0.114, -0.089, 0.079, 0.002, -0.028, 0.002, 0.001, -0.000, -0.001, 0.012, 1.56, 0.38, 0.00, 2.60, 1.37, 0.00, 0.00, 1.57, 0.93, 1.31, 0.00, 0.81, 0.00, 0.14, 0.00, 0.00, 0.16, 1.0, 1.0, 0.0, 0.0, 1.0, 0.0, 0.0, 1.0, 1.0, 0.0, 1.0, 0.0, 1.0, 0.0, 0.0, 0.0, 1.0, 0.0
39, 0, 4.957, 0.03, 0, 0.000000, 0.000000, 0.000000, 0.000000, 0.000000, 0.000000, 0.000, 0.000, 160.2, 161.2, 164.5, 168.2, 170.1, 169.4, 165.8, 162.1, 156.0, 157.8, 160.6, 164.2, 168.2, 171.4, 173.8, 171.6, 168.3, 164.8, 161.4, 158.3, 163.9, 165.5, 167.0, 167.4, 166.5, 164.9, 163.5, 163.1, 203.4, 204.0, 207.1, 210.9, 213.3, 212.8, 209.7, 205.6, 200.4, 202.2, 204.9, 208.6, 212.4, 215.5, 217.8, 216.3, 213.7, 210.5, 206.9, 203.3, 207.1, 208.8, 210.2, 210.4, 209.4, 207.7, 206.3, 206.1, 54.5, 50.8, 48.8, 49.7, 53.1, 57.1, 58.8, 57.9, 57.0, 54.6, 52.8, 51.5, 51.7, 52.9, 54.9, 56.4, 57.3, 58.0, 58.3, 58.1, 55.7, 56.1, 55.2, 53.6, 52.2, 51.7, 52.6, 54.2, 47.0, 43.1, 40.9, 41.6, 44.9, 48.7, 51.0, 50.6, 50.1, 47.3, 44.9, 43.4, 43.3, 44.1, 45.8, 47.6, 48.8, 49.7, 50.3, 50.7, 48.0, 48.3, 47.3, 45.6, 44.2, 43.9, 44.9, 46.6, 44.7, 45.9, 49.8, 54.0, 56.1, 55.2, 51.0, 46.8, 40.5, 42.1, 44.9, 48.9, 53.6, 57.7, 60.9, 57.9, 53.7, 49.5, 45.8, 42.7, 49.1, 50.9, 52.6, 53.2, 52.3, 50.4, 48.7, 48.1, 92.5, 93.5, 97.6, 102.3, 104.8, 103.7, 99.6, 94.8, 89.4, 91.0, 93.8, 98.2, 103.5, 108.4, 112.4, 109.1, 104.8, 100.2, 95.9, 92.2, 97.2, 99.3, 101.1, 101.5, 100.4, 98.4, 96.6, 96.1, -47.9, -52.5, -54.8, -53.6, -49.5, -44.7, -42.6, -43.8, -45.9, -48.2, -49.8, -51.0, -50.9, -49.7, -47.6, -45.5, -44.2, -43.3, -43.3, -44.0, -46.6, -46.0, -47.0, -49.0, -50.8, -51.4, -50.4, -48.4, -54.8, -59.5, -62.4, -61.7, -57.9, -53.1, -50.3, -50.6, -51.5, -54.5, -57.0, -58.9, -59.5, -59.3, -58.0, -55.2, -53.0, -51.5, -50.8, -50.5, -54.0, -53.7, -54.9, -57.0, -58.7, -59.0, -57.7, -55.7, 230.5, 231.0, 231.0, 230.4, 229.6, 229.2, 229.0, 229.6, 234.8, 232.2, 229.7, 228.3, 228.6, 229.7, 231.0, 229.5, 228.2, 228.1, 229.5, 232.0, 230.7, 230.4, 230.4, 230.6, 231.0, 231.3, 231.3, 231.0, 222.4, 223.5, 224.6, 225.1, 224.7, 223.6, 222.5, 222.2, 223.3, 222.3, 221.7, 222.0, 223.9, 226.8, 229.7, 226.5, 223.6, 221.7, 221.2, 222.1, 223.7, 223.9, 224.4, 224.8, 225.0, 224.8, 224.3, 223.8, 99.7, -25.0, 286.1, 0.158, 0.308, -0.200, 140.3, 142.5, 145.9, 150.4, 156.7, 165.5, 175.7, 187.1, 199.0, 210.1, 219.5, 228.1, 234.8, 238.6, 239.7, 239.5, 238.2, 144.8, 150.2, 158.7, 167.9, 176.3, 192.5, 200.8, 209.8, 219.1, 226.6, 186.2, 187.6, 188.8, 190.2, 181.3, 186.5, 191.8, 196.8, 201.4, 155.9, 160.9, 167.7, 174.0, 168.3, 161.6, 200.3, 205.3, 212.0, 218.0, 213.6, 207.0, 175.7, 182.2, 188.7, 193.5, 198.5, 206.1, 213.6, 207.9, 201.4, 195.9, 190.7, 183.4, 178.9, 189.3, 194.1, 199.3, 210.8, 199.8, 194.6, 189.6, 62.3, 74.7, 86.8, 98.3, 108.7, 117.3, 124.1, 128.9, 128.9, 125.5, 118.2, 109.0, 98.0, 85.3, 71.7, 58.0, 44.3, 48.6, 41.9, 39.1, 38.7, 40.5, 37.0, 31.8, 29.0, 29.3, 33.9, 49.9, 58.3, 66.6, 75.2, 82.9, 83.9, 84.3, 82.0, 79.8, 57.0, 52.6, 51.7, 55.0, 57.3, 58.4, 50.2, 44.6, 43.4, 45.7, 48.9, 50.3, 100.8, 96.4, 93.5, 93.9, 91.9, 92.6, 94.3, 101.9, 105.7, 107.2, 107.5, 106.0, 100.6, 97.8, 97.5, 96.2, 95.1, 99.5, 100.9, 101.2, 29.8, 33.4, 39.3, 47.1, 57.4, 71.0, 85.2, 99.1, 115.2, 133.7, 153.4, 172.1, 186.0, 193.6, 195.5, 194.9, 193.1, 33.8, 40.9, 51.9, 63.2, 73.4, 94.5, 107.0, 121.7, 137.7, 152.0, 87.0, 86.8, 86.4, 86.1, 80.1, 86.2, 92.5, 99.8, 106.8, 49.7, 56.1, 65.4, 74.2, 66.3, 57.0, 110.3, 117.3, 127.2, 137.5, 129.3, 119.5, 78.3, 83.6, 90.1, 96.1, 102.9, 115.9, 131.7, 119.5, 108.1, 100.6, 94.0, 86.2, 82.1, 91.8, 97.7, 104.8, 126.7, 106.2, 98.9, 92.8, -54.7, -34.0, -13.8, 5.5, 22.9, 36.8, 46.5, 52.0, 51.0, 46.6, 36.7, 22.9, 5.0, -16.1, -38.8, -61.7, -84.6, -70.2, -78.2, -80.1, -78.5, -74.4, -78.4, -86.4, -92.0, -93.6, -89.2, -61.6, -49.0, -37.0, -25.2, -16.5, -15.0, -14.2, -17.4, -20.6, -56.7, -61.9, -62.7, -57.5, -54.6, -53.4, -63.5, -71.4, -73.3, -71.0, -65.4, -63.2, 8.6, 1.9, -2.1, -1.4, -4.2, -3.4, -1.1, 9.6, 14.7, 16.7, 17.3, 15.5, 8.1, 3.9, 3.4, 1.6, 0.1, 6.2, 8.1, 8.5, 325.9, 325.7, 326.9, 328.2, 326.7, 321.4, 311.5, 298.4, 293.1, 297.0, 307.9, 317.4, 322.5, 324.5, 324.6, 324.3, 324.7, 294.8, 286.7, 278.8, 271.1, 265.7, 263.0, 266.0, 271.4, 277.5, 284.1, 265.6, 259.6, 253.4, 247.5, 265.4, 262.2, 259.9, 261.5, 263.7, 290.0, 284.4, 281.9, 280.3, 281.5, 284.0, 276.0, 275.8, 276.7, 280.2, 276.3, 275.3, 286.4, 272.3, 264.9, 263.4, 263.4, 269.9, 281.5, 272.5, 266.8, 266.8, 268.4, 275.3, 283.3, 267.5, 265.7, 265.8, 279.5, 267.3, 267.1, 269.1, 0.687, 0.131, 0.022, -0.161, 191.286, 77.472, -8.383, -13.746, -4.138, 4.948, 5.567, -0.818, 1.271, 0.412, -2.881, 0.931, -0.164, 0.307, -0.097, -0.077, 0.022, 0.223, -0.534, -0.011, -0.148, 0.251, -0.032, -0.175, 0.225, 0.029, 0.107, 0.051, 0.091, -0.057, 0.028, -0.005, 0.007, 0.005, 0.033, 0.010, 2.38, 1.31, 0.40, 1.41, 0.00, 0.00, 0.00, 0.52, 0.28, 0.00, 0.81, 0.57, 1.11, 0.00, 0.00, 0.00, 0.50, 1.0, 1.0, 1.0, 0.0, 0.0, 0.0, 0.0, 1.0, 1.0, 0.0, 1.0, 0.0, 1.0, 0.0, 1.0, 0.0, 1.0, 1.0
